 13950.000
 17450.000
 17710.000
 23875.000
 16430.000
 16925.000
 20970.000
 21105.000
 5151.000
 6295.000
 6575.000
 5572.000
 6377.000
 7957.000
 6229.000
 6692.000
 7609.000
 8921.000
 12964.000
 6479.000
 6855.000
 5399.000
 6529.000
 7129.000
 7295.000
 7295.000
 7895.000
 9095.000
 8845.000
 10295.000
 12945.000
 10345.000
 32250.000
 5195.000
 6095.000
 6795.000
 6695.000
 7395.000
 8845.000
 8495.000
 10595.000
 10245.000
 11245.000
 18280.000
 25552.000
 28248.000
 28176.000
 31600.000
 35056.000
 5389.000
 6189.000
 6669.000
 7689.000
 9959.000
 8499.000
 6989.000
 8189.000
 9279.000
 9279.000
 5499.000
 7099.000
 6649.000
 6849.000
 7349.000
 7299.000
 7799.000
 7499.000
 7999.000
 8249.000
 8949.000
 9549.000
 13499.000
 14399.000
 13499.000
 17199.000
 19699.000
 18399.000
 11900.000
 13200.000
 15580.000
 16900.000
 16630.000
 17950.000
 18150.000
 5572.000
 7957.000
 6229.000
 6692.000
 7609.000
 8921.000
 22018.000
 11850.000
 12170.000
 15040.000
 15510.000
 18150.000
 18620.000
 5118.000
 7053.000
 7603.000
 7126.000
 7775.000
 9960.000
 9233.000
 11259.000
 7463.000
 10198.000
 8013.000
 11694.000
 5348.000
 6338.000
 6488.000
 6918.000
 7898.000
 8778.000
 6938.000
 7198.000
 7898.000
 7788.000
 7738.000
 8358.000
 9258.000
 8058.000
 8238.000
 9298.000
 9538.000
 8449.000
 9639.000
 9989.000
 11199.000
 11549.000
 17669.000
 8948.000
 10698.000
 9988.000
 10898.000
 11248.000
 16558.000
 15998.000
 15690.000
 7775.000
 7975.000
 7995.000
 8195.000
 8495.000
 9495.000
 9995.000
 9980.000
 12940.000
 13415.000
 15985.000
 16515.000
 18420.000
 18950.000
 16845.000
 19045.000
 21485.000
 22470.000
 22625.000
