Numero de reglas: 46

1.8E7 8.0E7 1.42E8
-3280000.0 90000.0 3460000.0
-1.66E7 0.0 1.66E7
9340000.0 9870000.0 1.04E7
-4.2E7 3.8E7 1.18E8
-2.85E9 2.0E7 2.89E9
-6.46E8 6000000.0 6.58E8
-6400000.0 2200000.0 1.08E7
-4.22E9 9.0E7 4.4E9
-9400000.0 800000.0 1.1E7
1.66E7 2.74E7 3.82E7
-3.0E7 3.0E7 9.0E7

1.8E7 8.0E7 1.42E8
-3280000.0 90000.0 3460000.0
-1.66E7 0.0 1.66E7
9340000.0 9870000.0 1.04E7
-4.2E7 3.8E7 1.18E8
-2.85E9 2.0E7 2.89E9
-6.46E8 6000000.0 6.58E8
-6400000.0 2200000.0 1.08E7
-4.22E9 9.0E7 4.4E9
-9400000.0 800000.0 1.1E7
2.74E7 3.82E7 4.9E7
-3.0E7 3.0E7 9.0E7

1.8E7 8.0E7 1.42E8
-3280000.0 90000.0 3460000.0
-1.66E7 0.0 1.66E7
9340000.0 9870000.0 1.04E7
3.8E7 1.18E8 1.98E8
-2.85E9 2.0E7 2.89E9
-6.46E8 6000000.0 6.58E8
-6400000.0 2200000.0 1.08E7
-4.22E9 9.0E7 4.4E9
-9400000.0 800000.0 1.1E7
1.66E7 2.74E7 3.82E7
-3.0E7 3.0E7 9.0E7

8.0E7 1.42E8 2.04E8
-3280000.0 90000.0 3460000.0
-1.66E7 0.0 1.66E7
9340000.0 9870000.0 1.04E7
3.8E7 1.18E8 1.98E8
-2.85E9 2.0E7 2.89E9
-6.46E8 6000000.0 6.58E8
-6400000.0 2200000.0 1.08E7
-4.22E9 9.0E7 4.4E9
-9400000.0 800000.0 1.1E7
1.66E7 2.74E7 3.82E7
-3.0E7 3.0E7 9.0E7

8.0E7 1.42E8 2.04E8
-3280000.0 90000.0 3460000.0
-1.66E7 0.0 1.66E7
9340000.0 9870000.0 1.04E7
-4.2E7 3.8E7 1.18E8
-2.85E9 2.0E7 2.89E9
-6.46E8 6000000.0 6.58E8
-6400000.0 2200000.0 1.08E7
-4.22E9 9.0E7 4.4E9
-9400000.0 800000.0 1.1E7
2.74E7 3.82E7 4.9E7
3.0E7 9.0E7 1.5E8

8.0E7 1.42E8 2.04E8
-3280000.0 90000.0 3460000.0
-1.66E7 0.0 1.66E7
9340000.0 9870000.0 1.04E7
-4.2E7 3.8E7 1.18E8
-2.85E9 2.0E7 2.89E9
-6.46E8 6000000.0 6.58E8
-6400000.0 2200000.0 1.08E7
-4.22E9 9.0E7 4.4E9
-9400000.0 800000.0 1.1E7
1.66E7 2.74E7 3.82E7
3.0E7 9.0E7 1.5E8

8.0E7 1.42E8 2.04E8
-3280000.0 90000.0 3460000.0
-1.66E7 0.0 1.66E7
9340000.0 9870000.0 1.04E7
-4.2E7 3.8E7 1.18E8
-2.85E9 2.0E7 2.89E9
-6.46E8 6000000.0 6.58E8
-6400000.0 2200000.0 1.08E7
-4.22E9 9.0E7 4.4E9
800000.0 1.1E7 2.12E7
2.74E7 3.82E7 4.9E7
-3.0E7 3.0E7 9.0E7

1.8E7 8.0E7 1.42E8
-3280000.0 90000.0 3460000.0
-1.66E7 0.0 1.66E7
9340000.0 9870000.0 1.04E7
-4.2E7 3.8E7 1.18E8
-2.85E9 2.0E7 2.89E9
-6.46E8 6000000.0 6.58E8
-6400000.0 2200000.0 1.08E7
-4.22E9 9.0E7 4.4E9
800000.0 1.1E7 2.12E7
1.66E7 2.74E7 3.82E7
-3.0E7 3.0E7 9.0E7

1.8E7 8.0E7 1.42E8
-3280000.0 90000.0 3460000.0
-1.66E7 0.0 1.66E7
9340000.0 9870000.0 1.04E7
-4.2E7 3.8E7 1.18E8
-2.85E9 2.0E7 2.89E9
-6.46E8 6000000.0 6.58E8
-6400000.0 2200000.0 1.08E7
9.0E7 4.4E9 8.71E9
-9400000.0 800000.0 1.1E7
1.66E7 2.74E7 3.82E7
-3.0E7 3.0E7 9.0E7

8.0E7 1.42E8 2.04E8
-3280000.0 90000.0 3460000.0
-1.66E7 0.0 1.66E7
9340000.0 9870000.0 1.04E7
-4.2E7 3.8E7 1.18E8
-2.85E9 2.0E7 2.89E9
-6.46E8 6000000.0 6.58E8
2200000.0 1.08E7 1.94E7
-4.22E9 9.0E7 4.4E9
-9400000.0 800000.0 1.1E7
1.66E7 2.74E7 3.82E7
3.0E7 9.0E7 1.5E8

1.8E7 8.0E7 1.42E8
-3280000.0 90000.0 3460000.0
-1.66E7 0.0 1.66E7
9340000.0 9870000.0 1.04E7
3.8E7 1.18E8 1.98E8
-2.85E9 2.0E7 2.89E9
-6.46E8 6000000.0 6.58E8
-6400000.0 2200000.0 1.08E7
-4.22E9 9.0E7 4.4E9
-9400000.0 800000.0 1.1E7
2.74E7 3.82E7 4.9E7
-3.0E7 3.0E7 9.0E7

1.8E7 8.0E7 1.42E8
-3280000.0 90000.0 3460000.0
-1.66E7 0.0 1.66E7
9340000.0 9870000.0 1.04E7
-4.2E7 3.8E7 1.18E8
-2.85E9 2.0E7 2.89E9
-6.46E8 6000000.0 6.58E8
-6400000.0 2200000.0 1.08E7
9.0E7 4.4E9 8.71E9
-9400000.0 800000.0 1.1E7
2.74E7 3.82E7 4.9E7
-3.0E7 3.0E7 9.0E7

1.8E7 8.0E7 1.42E8
-3280000.0 90000.0 3460000.0
-1.66E7 0.0 1.66E7
9340000.0 9870000.0 1.04E7
-4.2E7 3.8E7 1.18E8
-2.85E9 2.0E7 2.89E9
-6.46E8 6000000.0 6.58E8
2200000.0 1.08E7 1.94E7
-4.22E9 9.0E7 4.4E9
-9400000.0 800000.0 1.1E7
2.74E7 3.82E7 4.9E7
3.0E7 9.0E7 1.5E8

1.8E7 8.0E7 1.42E8
-3280000.0 90000.0 3460000.0
-1.66E7 0.0 1.66E7
9340000.0 9870000.0 1.04E7
-4.2E7 3.8E7 1.18E8
-2.85E9 2.0E7 2.89E9
-6.46E8 6000000.0 6.58E8
-6400000.0 2200000.0 1.08E7
-4.22E9 9.0E7 4.4E9
800000.0 1.1E7 2.12E7
2.74E7 3.82E7 4.9E7
-3.0E7 3.0E7 9.0E7

1.8E7 8.0E7 1.42E8
-3280000.0 90000.0 3460000.0
-1.66E7 0.0 1.66E7
9340000.0 9870000.0 1.04E7
3.8E7 1.18E8 1.98E8
-2.85E9 2.0E7 2.89E9
-6.46E8 6000000.0 6.58E8
2200000.0 1.08E7 1.94E7
-4.22E9 9.0E7 4.4E9
-9400000.0 800000.0 1.1E7
1.66E7 2.74E7 3.82E7
-3.0E7 3.0E7 9.0E7

1.8E7 8.0E7 1.42E8
-3280000.0 90000.0 3460000.0
-1.66E7 0.0 1.66E7
9340000.0 9870000.0 1.04E7
-4.2E7 3.8E7 1.18E8
-2.85E9 2.0E7 2.89E9
-6.46E8 6000000.0 6.58E8
2200000.0 1.08E7 1.94E7
-4.22E9 9.0E7 4.4E9
-9400000.0 800000.0 1.1E7
1.66E7 2.74E7 3.82E7
3.0E7 9.0E7 1.5E8

1.8E7 8.0E7 1.42E8
90000.0 3460000.0 6830000.0
-1.66E7 0.0 1.66E7
9340000.0 9870000.0 1.04E7
-4.2E7 3.8E7 1.18E8
-2.85E9 2.0E7 2.89E9
-6.46E8 6000000.0 6.58E8
-6400000.0 2200000.0 1.08E7
-4.22E9 9.0E7 4.4E9
-9400000.0 800000.0 1.1E7
1.66E7 2.74E7 3.82E7
-3.0E7 3.0E7 9.0E7

1.8E7 8.0E7 1.42E8
-3280000.0 90000.0 3460000.0
0.0 1.66E7 3.32E7
9340000.0 9870000.0 1.04E7
3.8E7 1.18E8 1.98E8
-2.85E9 2.0E7 2.89E9
-6.46E8 6000000.0 6.58E8
-6400000.0 2200000.0 1.08E7
-4.22E9 9.0E7 4.4E9
-9400000.0 800000.0 1.1E7
1.66E7 2.74E7 3.82E7
-3.0E7 3.0E7 9.0E7

8.0E7 1.42E8 2.04E8
-3280000.0 90000.0 3460000.0
-1.66E7 0.0 1.66E7
9340000.0 9870000.0 1.04E7
-4.2E7 3.8E7 1.18E8
-2.85E9 2.0E7 2.89E9
-6.46E8 6000000.0 6.58E8
2200000.0 1.08E7 1.94E7
9.0E7 4.4E9 8.71E9
-9400000.0 800000.0 1.1E7
2.74E7 3.82E7 4.9E7
-3.0E7 3.0E7 9.0E7

8.0E7 1.42E8 2.04E8
-3280000.0 90000.0 3460000.0
-1.66E7 0.0 1.66E7
9340000.0 9870000.0 1.04E7
-4.2E7 3.8E7 1.18E8
-2.85E9 2.0E7 2.89E9
-6.46E8 6000000.0 6.58E8
2200000.0 1.08E7 1.94E7
-4.22E9 9.0E7 4.4E9
-9400000.0 800000.0 1.1E7
2.74E7 3.82E7 4.9E7
3.0E7 9.0E7 1.5E8

1.8E7 8.0E7 1.42E8
-3280000.0 90000.0 3460000.0
-1.66E7 0.0 1.66E7
9340000.0 9870000.0 1.04E7
-4.2E7 3.8E7 1.18E8
-2.85E9 2.0E7 2.89E9
-6.46E8 6000000.0 6.58E8
2200000.0 1.08E7 1.94E7
9.0E7 4.4E9 8.71E9
-9400000.0 800000.0 1.1E7
1.66E7 2.74E7 3.82E7
-3.0E7 3.0E7 9.0E7

1.8E7 8.0E7 1.42E8
90000.0 3460000.0 6830000.0
-1.66E7 0.0 1.66E7
9340000.0 9870000.0 1.04E7
-4.2E7 3.8E7 1.18E8
-2.85E9 2.0E7 2.89E9
-6.46E8 6000000.0 6.58E8
-6400000.0 2200000.0 1.08E7
-4.22E9 9.0E7 4.4E9
-9400000.0 800000.0 1.1E7
2.74E7 3.82E7 4.9E7
-3.0E7 3.0E7 9.0E7

1.8E7 8.0E7 1.42E8
90000.0 3460000.0 6830000.0
-1.66E7 0.0 1.66E7
9340000.0 9870000.0 1.04E7
-4.2E7 3.8E7 1.18E8
-2.85E9 2.0E7 2.89E9
-6.46E8 6000000.0 6.58E8
2200000.0 1.08E7 1.94E7
-4.22E9 9.0E7 4.4E9
800000.0 1.1E7 2.12E7
1.66E7 2.74E7 3.82E7
-3.0E7 3.0E7 9.0E7

8.0E7 1.42E8 2.04E8
-3280000.0 90000.0 3460000.0
0.0 1.66E7 3.32E7
9340000.0 9870000.0 1.04E7
-4.2E7 3.8E7 1.18E8
-2.85E9 2.0E7 2.89E9
-6.46E8 6000000.0 6.58E8
-6400000.0 2200000.0 1.08E7
-4.22E9 9.0E7 4.4E9
-9400000.0 800000.0 1.1E7
1.66E7 2.74E7 3.82E7
-3.0E7 3.0E7 9.0E7

1.8E7 8.0E7 1.42E8
-3280000.0 90000.0 3460000.0
-1.66E7 0.0 1.66E7
9340000.0 9870000.0 1.04E7
3.8E7 1.18E8 1.98E8
-2.85E9 2.0E7 2.89E9
-6.46E8 6000000.0 6.58E8
-6400000.0 2200000.0 1.08E7
9.0E7 4.4E9 8.71E9
-9400000.0 800000.0 1.1E7
1.66E7 2.74E7 3.82E7
-3.0E7 3.0E7 9.0E7

1.8E7 8.0E7 1.42E8
-3280000.0 90000.0 3460000.0
-1.66E7 0.0 1.66E7
9340000.0 9870000.0 1.04E7
-4.2E7 3.8E7 1.18E8
-2.85E9 2.0E7 2.89E9
-6.46E8 6000000.0 6.58E8
-6400000.0 2200000.0 1.08E7
9.0E7 4.4E9 8.71E9
800000.0 1.1E7 2.12E7
1.66E7 2.74E7 3.82E7
-3.0E7 3.0E7 9.0E7

1.8E7 8.0E7 1.42E8
90000.0 3460000.0 6830000.0
-1.66E7 0.0 1.66E7
9340000.0 9870000.0 1.04E7
3.8E7 1.18E8 1.98E8
-2.85E9 2.0E7 2.89E9
-6.46E8 6000000.0 6.58E8
2200000.0 1.08E7 1.94E7
9.0E7 4.4E9 8.71E9
800000.0 1.1E7 2.12E7
1.66E7 2.74E7 3.82E7
-3.0E7 3.0E7 9.0E7

8.0E7 1.42E8 2.04E8
-3280000.0 90000.0 3460000.0
-1.66E7 0.0 1.66E7
9340000.0 9870000.0 1.04E7
3.8E7 1.18E8 1.98E8
-2.85E9 2.0E7 2.89E9
-6.46E8 6000000.0 6.58E8
2200000.0 1.08E7 1.94E7
-4.22E9 9.0E7 4.4E9
-9400000.0 800000.0 1.1E7
1.66E7 2.74E7 3.82E7
-3.0E7 3.0E7 9.0E7

1.8E7 8.0E7 1.42E8
-3280000.0 90000.0 3460000.0
-1.66E7 0.0 1.66E7
9340000.0 9870000.0 1.04E7
3.8E7 1.18E8 1.98E8
-2.85E9 2.0E7 2.89E9
-6.46E8 6000000.0 6.58E8
2200000.0 1.08E7 1.94E7
-4.22E9 9.0E7 4.4E9
-9400000.0 800000.0 1.1E7
2.74E7 3.82E7 4.9E7
-3.0E7 3.0E7 9.0E7

1.8E7 8.0E7 1.42E8
-3280000.0 90000.0 3460000.0
-1.66E7 0.0 1.66E7
9340000.0 9870000.0 1.04E7
3.8E7 1.18E8 1.98E8
-2.85E9 2.0E7 2.89E9
-6.46E8 6000000.0 6.58E8
-6400000.0 2200000.0 1.08E7
-4.22E9 9.0E7 4.4E9
800000.0 1.1E7 2.12E7
1.66E7 2.74E7 3.82E7
-3.0E7 3.0E7 9.0E7

1.8E7 8.0E7 1.42E8
90000.0 3460000.0 6830000.0
-1.66E7 0.0 1.66E7
9340000.0 9870000.0 1.04E7
3.8E7 1.18E8 1.98E8
-2.85E9 2.0E7 2.89E9
-6.46E8 6000000.0 6.58E8
-6400000.0 2200000.0 1.08E7
-4.22E9 9.0E7 4.4E9
800000.0 1.1E7 2.12E7
1.66E7 2.74E7 3.82E7
-3.0E7 3.0E7 9.0E7

1.8E7 8.0E7 1.42E8
-3280000.0 90000.0 3460000.0
-1.66E7 0.0 1.66E7
9340000.0 9870000.0 1.04E7
3.8E7 1.18E8 1.98E8
-2.85E9 2.0E7 2.89E9
-6.46E8 6000000.0 6.58E8
2200000.0 1.08E7 1.94E7
9.0E7 4.4E9 8.71E9
800000.0 1.1E7 2.12E7
1.66E7 2.74E7 3.82E7
-3.0E7 3.0E7 9.0E7

8.0E7 1.42E8 2.04E8
-3280000.0 90000.0 3460000.0
-1.66E7 0.0 1.66E7
9340000.0 9870000.0 1.04E7
3.8E7 1.18E8 1.98E8
-2.85E9 2.0E7 2.89E9
-6.46E8 6000000.0 6.58E8
2200000.0 1.08E7 1.94E7
-4.22E9 9.0E7 4.4E9
-9400000.0 800000.0 1.1E7
2.74E7 3.82E7 4.9E7
3.0E7 9.0E7 1.5E8

1.8E7 8.0E7 1.42E8
-3280000.0 90000.0 3460000.0
-1.66E7 0.0 1.66E7
9340000.0 9870000.0 1.04E7
3.8E7 1.18E8 1.98E8
-2.85E9 2.0E7 2.89E9
-6.46E8 6000000.0 6.58E8
2200000.0 1.08E7 1.94E7
9.0E7 4.4E9 8.71E9
-9400000.0 800000.0 1.1E7
1.66E7 2.74E7 3.82E7
-3.0E7 3.0E7 9.0E7

8.0E7 1.42E8 2.04E8
-3280000.0 90000.0 3460000.0
-1.66E7 0.0 1.66E7
9340000.0 9870000.0 1.04E7
3.8E7 1.18E8 1.98E8
-2.85E9 2.0E7 2.89E9
-6.46E8 6000000.0 6.58E8
-6400000.0 2200000.0 1.08E7
-4.22E9 9.0E7 4.4E9
-9400000.0 800000.0 1.1E7
2.74E7 3.82E7 4.9E7
-3.0E7 3.0E7 9.0E7

1.8E7 8.0E7 1.42E8
90000.0 3460000.0 6830000.0
-1.66E7 0.0 1.66E7
9340000.0 9870000.0 1.04E7
3.8E7 1.18E8 1.98E8
-2.85E9 2.0E7 2.89E9
-6.46E8 6000000.0 6.58E8
-6400000.0 2200000.0 1.08E7
-4.22E9 9.0E7 4.4E9
-9400000.0 800000.0 1.1E7
1.66E7 2.74E7 3.82E7
-3.0E7 3.0E7 9.0E7

1.8E7 8.0E7 1.42E8
-3280000.0 90000.0 3460000.0
-1.66E7 0.0 1.66E7
9340000.0 9870000.0 1.04E7
-4.2E7 3.8E7 1.18E8
2.0E7 2.89E9 5.76E9
-6.46E8 6000000.0 6.58E8
-6400000.0 2200000.0 1.08E7
9.0E7 4.4E9 8.71E9
-9400000.0 800000.0 1.1E7
1.66E7 2.74E7 3.82E7
-3.0E7 3.0E7 9.0E7

1.8E7 8.0E7 1.42E8
-3280000.0 90000.0 3460000.0
-1.66E7 0.0 1.66E7
9340000.0 9870000.0 1.04E7
-4.2E7 3.8E7 1.18E8
-2.85E9 2.0E7 2.89E9
-6.46E8 6000000.0 6.58E8
-6400000.0 2200000.0 1.08E7
9.0E7 4.4E9 8.71E9
800000.0 1.1E7 2.12E7
2.74E7 3.82E7 4.9E7
-3.0E7 3.0E7 9.0E7

8.0E7 1.42E8 2.04E8
-3280000.0 90000.0 3460000.0
-1.66E7 0.0 1.66E7
9870000.0 1.04E7 1.093E7
-4.2E7 3.8E7 1.18E8
-2.85E9 2.0E7 2.89E9
6000000.0 6.58E8 1.31E9
2200000.0 1.08E7 1.94E7
-4.22E9 9.0E7 4.4E9
800000.0 1.1E7 2.12E7
2.74E7 3.82E7 4.9E7
-3.0E7 3.0E7 9.0E7

1.8E7 8.0E7 1.42E8
-3280000.0 90000.0 3460000.0
0.0 1.66E7 3.32E7
9340000.0 9870000.0 1.04E7
-4.2E7 3.8E7 1.18E8
-2.85E9 2.0E7 2.89E9
-6.46E8 6000000.0 6.58E8
-6400000.0 2200000.0 1.08E7
-4.22E9 9.0E7 4.4E9
-9400000.0 800000.0 1.1E7
1.66E7 2.74E7 3.82E7
-3.0E7 3.0E7 9.0E7

8.0E7 1.42E8 2.04E8
-3280000.0 90000.0 3460000.0
-1.66E7 0.0 1.66E7
9340000.0 9870000.0 1.04E7
-4.2E7 3.8E7 1.18E8
-2.85E9 2.0E7 2.89E9
-6.46E8 6000000.0 6.58E8
-6400000.0 2200000.0 1.08E7
-4.22E9 9.0E7 4.4E9
800000.0 1.1E7 2.12E7
1.66E7 2.74E7 3.82E7
-3.0E7 3.0E7 9.0E7

8.0E7 1.42E8 2.04E8
-3280000.0 90000.0 3460000.0
0.0 1.66E7 3.32E7
9340000.0 9870000.0 1.04E7
-4.2E7 3.8E7 1.18E8
-2.85E9 2.0E7 2.89E9
-6.46E8 6000000.0 6.58E8
-6400000.0 2200000.0 1.08E7
9.0E7 4.4E9 8.71E9
-9400000.0 800000.0 1.1E7
1.66E7 2.74E7 3.82E7
-3.0E7 3.0E7 9.0E7

8.0E7 1.42E8 2.04E8
-3280000.0 90000.0 3460000.0
-1.66E7 0.0 1.66E7
9340000.0 9870000.0 1.04E7
-4.2E7 3.8E7 1.18E8
-2.85E9 2.0E7 2.89E9
-6.46E8 6000000.0 6.58E8
2200000.0 1.08E7 1.94E7
-4.22E9 9.0E7 4.4E9
800000.0 1.1E7 2.12E7
1.66E7 2.74E7 3.82E7
3.0E7 9.0E7 1.5E8

8.0E7 1.42E8 2.04E8
-3280000.0 90000.0 3460000.0
0.0 1.66E7 3.32E7
9340000.0 9870000.0 1.04E7
-4.2E7 3.8E7 1.18E8
-2.85E9 2.0E7 2.89E9
-6.46E8 6000000.0 6.58E8
-6400000.0 2200000.0 1.08E7
-4.22E9 9.0E7 4.4E9
-9400000.0 800000.0 1.1E7
2.74E7 3.82E7 4.9E7
-3.0E7 3.0E7 9.0E7

1.8E7 8.0E7 1.42E8
-3280000.0 90000.0 3460000.0
-1.66E7 0.0 1.66E7
9340000.0 9870000.0 1.04E7
-4.2E7 3.8E7 1.18E8
2.0E7 2.89E9 5.76E9
-6.46E8 6000000.0 6.58E8
-6400000.0 2200000.0 1.08E7
9.0E7 4.4E9 8.71E9
-9400000.0 800000.0 1.1E7
2.74E7 3.82E7 4.9E7
-3.0E7 3.0E7 9.0E7

8.0E7 1.42E8 2.04E8
-3280000.0 90000.0 3460000.0
-1.66E7 0.0 1.66E7
9340000.0 9870000.0 1.04E7
-4.2E7 3.8E7 1.18E8
-2.85E9 2.0E7 2.89E9
-6.46E8 6000000.0 6.58E8
2200000.0 1.08E7 1.94E7
-4.22E9 9.0E7 4.4E9
800000.0 1.1E7 2.12E7
2.74E7 3.82E7 4.9E7
-3.0E7 3.0E7 9.0E7


ECMtra: 1.6181557847805444E14 ECMtst: 1.5613968267276778E14
