Numero de reglas: 53

1.8E7 8.0E7 1.42E8
-3280000.0 90000.0 3460000.0
-1.66E7 0.0 1.66E7
9340000.0 9870000.0 1.04E7
-6.4E7 3.9E7 1.42E8
-1.41E9 3.0E7 1.47E9
-6.46E8 6000000.0 6.58E8
-6200000.0 2200000.0 1.06E7
-3.47E9 1.0E8 3.67E9
-9400000.0 800000.0 1.1E7
1.62E7 2.72E7 3.82E7
-3.0E7 3.0E7 9.0E7

1.8E7 8.0E7 1.42E8
-3280000.0 90000.0 3460000.0
-1.66E7 0.0 1.66E7
9340000.0 9870000.0 1.04E7
-6.4E7 3.9E7 1.42E8
-1.41E9 3.0E7 1.47E9
-6.46E8 6000000.0 6.58E8
-6200000.0 2200000.0 1.06E7
-3.47E9 1.0E8 3.67E9
-9400000.0 800000.0 1.1E7
2.72E7 3.82E7 4.92E7
-3.0E7 3.0E7 9.0E7

8.0E7 1.42E8 2.04E8
-3280000.0 90000.0 3460000.0
-1.66E7 0.0 1.66E7
9340000.0 9870000.0 1.04E7
-6.4E7 3.9E7 1.42E8
-1.41E9 3.0E7 1.47E9
-6.46E8 6000000.0 6.58E8
-6200000.0 2200000.0 1.06E7
-3.47E9 1.0E8 3.67E9
-9400000.0 800000.0 1.1E7
1.62E7 2.72E7 3.82E7
3.0E7 9.0E7 1.5E8

8.0E7 1.42E8 2.04E8
-3280000.0 90000.0 3460000.0
-1.66E7 0.0 1.66E7
9340000.0 9870000.0 1.04E7
-6.4E7 3.9E7 1.42E8
-1.41E9 3.0E7 1.47E9
-6.46E8 6000000.0 6.58E8
-6200000.0 2200000.0 1.06E7
-3.47E9 1.0E8 3.67E9
-9400000.0 800000.0 1.1E7
2.72E7 3.82E7 4.92E7
3.0E7 9.0E7 1.5E8

1.8E7 8.0E7 1.42E8
-3280000.0 90000.0 3460000.0
-1.66E7 0.0 1.66E7
9340000.0 9870000.0 1.04E7
-6.4E7 3.9E7 1.42E8
-1.41E9 3.0E7 1.47E9
-6.46E8 6000000.0 6.58E8
2200000.0 1.06E7 1.9E7
-3.47E9 1.0E8 3.67E9
-9400000.0 800000.0 1.1E7
1.62E7 2.72E7 3.82E7
-3.0E7 3.0E7 9.0E7

8.0E7 1.42E8 2.04E8
-3280000.0 90000.0 3460000.0
-1.66E7 0.0 1.66E7
9340000.0 9870000.0 1.04E7
-6.4E7 3.9E7 1.42E8
-1.41E9 3.0E7 1.47E9
-6.46E8 6000000.0 6.58E8
-6200000.0 2200000.0 1.06E7
-3.47E9 1.0E8 3.67E9
800000.0 1.1E7 2.12E7
2.72E7 3.82E7 4.92E7
-3.0E7 3.0E7 9.0E7

1.8E7 8.0E7 1.42E8
-3280000.0 90000.0 3460000.0
-1.66E7 0.0 1.66E7
9340000.0 9870000.0 1.04E7
-6.4E7 3.9E7 1.42E8
-1.41E9 3.0E7 1.47E9
-6.46E8 6000000.0 6.58E8
-6200000.0 2200000.0 1.06E7
-3.47E9 1.0E8 3.67E9
800000.0 1.1E7 2.12E7
1.62E7 2.72E7 3.82E7
-3.0E7 3.0E7 9.0E7

1.8E7 8.0E7 1.42E8
-3280000.0 90000.0 3460000.0
-1.66E7 0.0 1.66E7
9340000.0 9870000.0 1.04E7
-6.4E7 3.9E7 1.42E8
-1.41E9 3.0E7 1.47E9
-6.46E8 6000000.0 6.58E8
-6200000.0 2200000.0 1.06E7
1.0E8 3.67E9 7.24E9
-9400000.0 800000.0 1.1E7
1.62E7 2.72E7 3.82E7
-3.0E7 3.0E7 9.0E7

1.8E7 8.0E7 1.42E8
-3280000.0 90000.0 3460000.0
-1.66E7 0.0 1.66E7
9340000.0 9870000.0 1.04E7
-6.4E7 3.9E7 1.42E8
-1.41E9 3.0E7 1.47E9
-6.46E8 6000000.0 6.58E8
-6200000.0 2200000.0 1.06E7
1.0E8 3.67E9 7.24E9
-9400000.0 800000.0 1.1E7
2.72E7 3.82E7 4.92E7
-3.0E7 3.0E7 9.0E7

1.8E7 8.0E7 1.42E8
-3280000.0 90000.0 3460000.0
-1.66E7 0.0 1.66E7
9340000.0 9870000.0 1.04E7
-6.4E7 3.9E7 1.42E8
-1.41E9 3.0E7 1.47E9
-6.46E8 6000000.0 6.58E8
2200000.0 1.06E7 1.9E7
1.0E8 3.67E9 7.24E9
-9400000.0 800000.0 1.1E7
2.72E7 3.82E7 4.92E7
-3.0E7 3.0E7 9.0E7

1.8E7 8.0E7 1.42E8
-3280000.0 90000.0 3460000.0
-1.66E7 0.0 1.66E7
9340000.0 9870000.0 1.04E7
-6.4E7 3.9E7 1.42E8
-1.41E9 3.0E7 1.47E9
-6.46E8 6000000.0 6.58E8
2200000.0 1.06E7 1.9E7
-3.47E9 1.0E8 3.67E9
-9400000.0 800000.0 1.1E7
2.72E7 3.82E7 4.92E7
3.0E7 9.0E7 1.5E8

1.8E7 8.0E7 1.42E8
-3280000.0 90000.0 3460000.0
-1.66E7 0.0 1.66E7
9340000.0 9870000.0 1.04E7
3.9E7 1.42E8 2.45E8
-1.41E9 3.0E7 1.47E9
-6.46E8 6000000.0 6.58E8
-6200000.0 2200000.0 1.06E7
-3.47E9 1.0E8 3.67E9
-9400000.0 800000.0 1.1E7
1.62E7 2.72E7 3.82E7
-3.0E7 3.0E7 9.0E7

1.8E7 8.0E7 1.42E8
-3280000.0 90000.0 3460000.0
-1.66E7 0.0 1.66E7
9340000.0 9870000.0 1.04E7
-6.4E7 3.9E7 1.42E8
-1.41E9 3.0E7 1.47E9
-6.46E8 6000000.0 6.58E8
-6200000.0 2200000.0 1.06E7
-3.47E9 1.0E8 3.67E9
800000.0 1.1E7 2.12E7
2.72E7 3.82E7 4.92E7
-3.0E7 3.0E7 9.0E7

1.8E7 8.0E7 1.42E8
90000.0 3460000.0 6830000.0
-1.66E7 0.0 1.66E7
9340000.0 9870000.0 1.04E7
-6.4E7 3.9E7 1.42E8
-1.41E9 3.0E7 1.47E9
-6.46E8 6000000.0 6.58E8
-6200000.0 2200000.0 1.06E7
-3.47E9 1.0E8 3.67E9
-9400000.0 800000.0 1.1E7
1.62E7 2.72E7 3.82E7
-3.0E7 3.0E7 9.0E7

1.8E7 8.0E7 1.42E8
90000.0 3460000.0 6830000.0
-1.66E7 0.0 1.66E7
9340000.0 9870000.0 1.04E7
-6.4E7 3.9E7 1.42E8
3.0E7 1.47E9 2.91E9
-6.46E8 6000000.0 6.58E8
-6200000.0 2200000.0 1.06E7
-3.47E9 1.0E8 3.67E9
-9400000.0 800000.0 1.1E7
1.62E7 2.72E7 3.82E7
-3.0E7 3.0E7 9.0E7

8.0E7 1.42E8 2.04E8
-3280000.0 90000.0 3460000.0
-1.66E7 0.0 1.66E7
9340000.0 9870000.0 1.04E7
-6.4E7 3.9E7 1.42E8
-1.41E9 3.0E7 1.47E9
-6.46E8 6000000.0 6.58E8
2200000.0 1.06E7 1.9E7
-3.47E9 1.0E8 3.67E9
-9400000.0 800000.0 1.1E7
1.62E7 2.72E7 3.82E7
3.0E7 9.0E7 1.5E8

1.8E7 8.0E7 1.42E8
-3280000.0 90000.0 3460000.0
-1.66E7 0.0 1.66E7
9340000.0 9870000.0 1.04E7
-6.4E7 3.9E7 1.42E8
-1.41E9 3.0E7 1.47E9
-6.46E8 6000000.0 6.58E8
2200000.0 1.06E7 1.9E7
1.0E8 3.67E9 7.24E9
-9400000.0 800000.0 1.1E7
1.62E7 2.72E7 3.82E7
-3.0E7 3.0E7 9.0E7

8.0E7 1.42E8 2.04E8
-3280000.0 90000.0 3460000.0
-1.66E7 0.0 1.66E7
9340000.0 9870000.0 1.04E7
-6.4E7 3.9E7 1.42E8
3.0E7 1.47E9 2.91E9
-6.46E8 6000000.0 6.58E8
-6200000.0 2200000.0 1.06E7
-3.47E9 1.0E8 3.67E9
-9400000.0 800000.0 1.1E7
1.62E7 2.72E7 3.82E7
3.0E7 9.0E7 1.5E8

8.0E7 1.42E8 2.04E8
-3280000.0 90000.0 3460000.0
-1.66E7 0.0 1.66E7
9340000.0 9870000.0 1.04E7
-6.4E7 3.9E7 1.42E8
-1.41E9 3.0E7 1.47E9
-6.46E8 6000000.0 6.58E8
2200000.0 1.06E7 1.9E7
-3.47E9 1.0E8 3.67E9
-9400000.0 800000.0 1.1E7
2.72E7 3.82E7 4.92E7
3.0E7 9.0E7 1.5E8

1.8E7 8.0E7 1.42E8
-3280000.0 90000.0 3460000.0
-1.66E7 0.0 1.66E7
9340000.0 9870000.0 1.04E7
-6.4E7 3.9E7 1.42E8
3.0E7 1.47E9 2.91E9
-6.46E8 6000000.0 6.58E8
-6200000.0 2200000.0 1.06E7
1.0E8 3.67E9 7.24E9
-9400000.0 800000.0 1.1E7
1.62E7 2.72E7 3.82E7
-3.0E7 3.0E7 9.0E7

1.8E7 8.0E7 1.42E8
-3280000.0 90000.0 3460000.0
-1.66E7 0.0 1.66E7
9340000.0 9870000.0 1.04E7
-6.4E7 3.9E7 1.42E8
-1.41E9 3.0E7 1.47E9
-6.46E8 6000000.0 6.58E8
-6200000.0 2200000.0 1.06E7
1.0E8 3.67E9 7.24E9
800000.0 1.1E7 2.12E7
2.72E7 3.82E7 4.92E7
-3.0E7 3.0E7 9.0E7

1.8E7 8.0E7 1.42E8
-3280000.0 90000.0 3460000.0
-1.66E7 0.0 1.66E7
9340000.0 9870000.0 1.04E7
-6.4E7 3.9E7 1.42E8
3.0E7 1.47E9 2.91E9
-6.46E8 6000000.0 6.58E8
2200000.0 1.06E7 1.9E7
1.0E8 3.67E9 7.24E9
-9400000.0 800000.0 1.1E7
1.62E7 2.72E7 3.82E7
-3.0E7 3.0E7 9.0E7

1.8E7 8.0E7 1.42E8
-3280000.0 90000.0 3460000.0
-1.66E7 0.0 1.66E7
9340000.0 9870000.0 1.04E7
-6.4E7 3.9E7 1.42E8
3.0E7 1.47E9 2.91E9
-6.46E8 6000000.0 6.58E8
-6200000.0 2200000.0 1.06E7
-3.47E9 1.0E8 3.67E9
-9400000.0 800000.0 1.1E7
1.62E7 2.72E7 3.82E7
-3.0E7 3.0E7 9.0E7

1.8E7 8.0E7 1.42E8
-3280000.0 90000.0 3460000.0
-1.66E7 0.0 1.66E7
9340000.0 9870000.0 1.04E7
-6.4E7 3.9E7 1.42E8
3.0E7 1.47E9 2.91E9
-6.46E8 6000000.0 6.58E8
-6200000.0 2200000.0 1.06E7
1.0E8 3.67E9 7.24E9
-9400000.0 800000.0 1.1E7
2.72E7 3.82E7 4.92E7
-3.0E7 3.0E7 9.0E7

1.8E7 8.0E7 1.42E8
90000.0 3460000.0 6830000.0
-1.66E7 0.0 1.66E7
9340000.0 9870000.0 1.04E7
-6.4E7 3.9E7 1.42E8
3.0E7 1.47E9 2.91E9
-6.46E8 6000000.0 6.58E8
-6200000.0 2200000.0 1.06E7
1.0E8 3.67E9 7.24E9
-9400000.0 800000.0 1.1E7
2.72E7 3.82E7 4.92E7
-3.0E7 3.0E7 9.0E7

8.0E7 1.42E8 2.04E8
-3280000.0 90000.0 3460000.0
-1.66E7 0.0 1.66E7
9340000.0 9870000.0 1.04E7
3.9E7 1.42E8 2.45E8
-1.41E9 3.0E7 1.47E9
-6.46E8 6000000.0 6.58E8
-6200000.0 2200000.0 1.06E7
-3.47E9 1.0E8 3.67E9
-9400000.0 800000.0 1.1E7
1.62E7 2.72E7 3.82E7
3.0E7 9.0E7 1.5E8

1.8E7 8.0E7 1.42E8
90000.0 3460000.0 6830000.0
-1.66E7 0.0 1.66E7
9340000.0 9870000.0 1.04E7
-6.4E7 3.9E7 1.42E8
-1.41E9 3.0E7 1.47E9
-6.46E8 6000000.0 6.58E8
2200000.0 1.06E7 1.9E7
1.0E8 3.67E9 7.24E9
800000.0 1.1E7 2.12E7
1.62E7 2.72E7 3.82E7
-3.0E7 3.0E7 9.0E7

8.0E7 1.42E8 2.04E8
-3280000.0 90000.0 3460000.0
0.0 1.66E7 3.32E7
9340000.0 9870000.0 1.04E7
-6.4E7 3.9E7 1.42E8
-1.41E9 3.0E7 1.47E9
-6.46E8 6000000.0 6.58E8
-6200000.0 2200000.0 1.06E7
-3.47E9 1.0E8 3.67E9
-9400000.0 800000.0 1.1E7
1.62E7 2.72E7 3.82E7
-3.0E7 3.0E7 9.0E7

1.8E7 8.0E7 1.42E8
-3280000.0 90000.0 3460000.0
-1.66E7 0.0 1.66E7
9340000.0 9870000.0 1.04E7
-6.4E7 3.9E7 1.42E8
-1.41E9 3.0E7 1.47E9
-6.46E8 6000000.0 6.58E8
2200000.0 1.06E7 1.9E7
-3.47E9 1.0E8 3.67E9
800000.0 1.1E7 2.12E7
1.62E7 2.72E7 3.82E7
-3.0E7 3.0E7 9.0E7

1.8E7 8.0E7 1.42E8
-3280000.0 90000.0 3460000.0
-1.66E7 0.0 1.66E7
9340000.0 9870000.0 1.04E7
3.9E7 1.42E8 2.45E8
-1.41E9 3.0E7 1.47E9
-6.46E8 6000000.0 6.58E8
2200000.0 1.06E7 1.9E7
-3.47E9 1.0E8 3.67E9
-9400000.0 800000.0 1.1E7
1.62E7 2.72E7 3.82E7
-3.0E7 3.0E7 9.0E7

8.0E7 1.42E8 2.04E8
-3280000.0 90000.0 3460000.0
-1.66E7 0.0 1.66E7
9340000.0 9870000.0 1.04E7
-6.4E7 3.9E7 1.42E8
-1.41E9 3.0E7 1.47E9
-6.46E8 6000000.0 6.58E8
-6200000.0 2200000.0 1.06E7
1.0E8 3.67E9 7.24E9
-9400000.0 800000.0 1.1E7
2.72E7 3.82E7 4.92E7
3.0E7 9.0E7 1.5E8

1.8E7 8.0E7 1.42E8
90000.0 3460000.0 6830000.0
-1.66E7 0.0 1.66E7
9340000.0 9870000.0 1.04E7
-6.4E7 3.9E7 1.42E8
-1.41E9 3.0E7 1.47E9
-6.46E8 6000000.0 6.58E8
-6200000.0 2200000.0 1.06E7
1.0E8 3.67E9 7.24E9
-9400000.0 800000.0 1.1E7
1.62E7 2.72E7 3.82E7
-3.0E7 3.0E7 9.0E7

1.8E7 8.0E7 1.42E8
90000.0 3460000.0 6830000.0
-1.66E7 0.0 1.66E7
9340000.0 9870000.0 1.04E7
-6.4E7 3.9E7 1.42E8
-1.41E9 3.0E7 1.47E9
-6.46E8 6000000.0 6.58E8
-6200000.0 2200000.0 1.06E7
1.0E8 3.67E9 7.24E9
800000.0 1.1E7 2.12E7
1.62E7 2.72E7 3.82E7
-3.0E7 3.0E7 9.0E7

1.8E7 8.0E7 1.42E8
-3280000.0 90000.0 3460000.0
-1.66E7 0.0 1.66E7
9340000.0 9870000.0 1.04E7
3.9E7 1.42E8 2.45E8
3.0E7 1.47E9 2.91E9
-6.46E8 6000000.0 6.58E8
-6200000.0 2200000.0 1.06E7
1.0E8 3.67E9 7.24E9
-9400000.0 800000.0 1.1E7
1.62E7 2.72E7 3.82E7
-3.0E7 3.0E7 9.0E7

8.0E7 1.42E8 2.04E8
-3280000.0 90000.0 3460000.0
-1.66E7 0.0 1.66E7
9340000.0 9870000.0 1.04E7
-6.4E7 3.9E7 1.42E8
-1.41E9 3.0E7 1.47E9
-6.46E8 6000000.0 6.58E8
-6200000.0 2200000.0 1.06E7
1.0E8 3.67E9 7.24E9
-9400000.0 800000.0 1.1E7
1.62E7 2.72E7 3.82E7
-3.0E7 3.0E7 9.0E7

1.8E7 8.0E7 1.42E8
-3280000.0 90000.0 3460000.0
-1.66E7 0.0 1.66E7
9340000.0 9870000.0 1.04E7
-6.4E7 3.9E7 1.42E8
-1.41E9 3.0E7 1.47E9
-6.46E8 6000000.0 6.58E8
-6200000.0 2200000.0 1.06E7
1.0E8 3.67E9 7.24E9
800000.0 1.1E7 2.12E7
1.62E7 2.72E7 3.82E7
-3.0E7 3.0E7 9.0E7

1.8E7 8.0E7 1.42E8
-3280000.0 90000.0 3460000.0
-1.66E7 0.0 1.66E7
9340000.0 9870000.0 1.04E7
3.9E7 1.42E8 2.45E8
-1.41E9 3.0E7 1.47E9
-6.46E8 6000000.0 6.58E8
-6200000.0 2200000.0 1.06E7
1.0E8 3.67E9 7.24E9
-9400000.0 800000.0 1.1E7
1.62E7 2.72E7 3.82E7
-3.0E7 3.0E7 9.0E7

1.8E7 8.0E7 1.42E8
-3280000.0 90000.0 3460000.0
0.0 1.66E7 3.32E7
9340000.0 9870000.0 1.04E7
-6.4E7 3.9E7 1.42E8
-1.41E9 3.0E7 1.47E9
-6.46E8 6000000.0 6.58E8
-6200000.0 2200000.0 1.06E7
-3.47E9 1.0E8 3.67E9
-9400000.0 800000.0 1.1E7
1.62E7 2.72E7 3.82E7
-3.0E7 3.0E7 9.0E7

1.8E7 8.0E7 1.42E8
-3280000.0 90000.0 3460000.0
-1.66E7 0.0 1.66E7
9340000.0 9870000.0 1.04E7
-6.4E7 3.9E7 1.42E8
3.0E7 1.47E9 2.91E9
-6.46E8 6000000.0 6.58E8
-6200000.0 2200000.0 1.06E7
-3.47E9 1.0E8 3.67E9
-9400000.0 800000.0 1.1E7
2.72E7 3.82E7 4.92E7
-3.0E7 3.0E7 9.0E7

1.8E7 8.0E7 1.42E8
-3280000.0 90000.0 3460000.0
-1.66E7 0.0 1.66E7
9340000.0 9870000.0 1.04E7
-6.4E7 3.9E7 1.42E8
3.0E7 1.47E9 2.91E9
-6.46E8 6000000.0 6.58E8
-6200000.0 2200000.0 1.06E7
1.0E8 3.67E9 7.24E9
800000.0 1.1E7 2.12E7
1.62E7 2.72E7 3.82E7
-3.0E7 3.0E7 9.0E7

8.0E7 1.42E8 2.04E8
-3280000.0 90000.0 3460000.0
-1.66E7 0.0 1.66E7
9340000.0 9870000.0 1.04E7
-6.4E7 3.9E7 1.42E8
-1.41E9 3.0E7 1.47E9
-6.46E8 6000000.0 6.58E8
2200000.0 1.06E7 1.9E7
1.0E8 3.67E9 7.24E9
-9400000.0 800000.0 1.1E7
1.62E7 2.72E7 3.82E7
3.0E7 9.0E7 1.5E8

1.8E7 8.0E7 1.42E8
-3280000.0 90000.0 3460000.0
-1.66E7 0.0 1.66E7
9340000.0 9870000.0 1.04E7
3.9E7 1.42E8 2.45E8
-1.41E9 3.0E7 1.47E9
-6.46E8 6000000.0 6.58E8
-6200000.0 2200000.0 1.06E7
-3.47E9 1.0E8 3.67E9
800000.0 1.1E7 2.12E7
1.62E7 2.72E7 3.82E7
-3.0E7 3.0E7 9.0E7

1.8E7 8.0E7 1.42E8
-3280000.0 90000.0 3460000.0
-1.66E7 0.0 1.66E7
9340000.0 9870000.0 1.04E7
3.9E7 1.42E8 2.45E8
-1.41E9 3.0E7 1.47E9
-6.46E8 6000000.0 6.58E8
2200000.0 1.06E7 1.9E7
1.0E8 3.67E9 7.24E9
-9400000.0 800000.0 1.1E7
1.62E7 2.72E7 3.82E7
-3.0E7 3.0E7 9.0E7

1.8E7 8.0E7 1.42E8
-3280000.0 90000.0 3460000.0
-1.66E7 0.0 1.66E7
9340000.0 9870000.0 1.04E7
-6.4E7 3.9E7 1.42E8
3.0E7 1.47E9 2.91E9
-6.46E8 6000000.0 6.58E8
2200000.0 1.06E7 1.9E7
1.0E8 3.67E9 7.24E9
-9400000.0 800000.0 1.1E7
2.72E7 3.82E7 4.92E7
-3.0E7 3.0E7 9.0E7

8.0E7 1.42E8 2.04E8
-3280000.0 90000.0 3460000.0
-1.66E7 0.0 1.66E7
9340000.0 9870000.0 1.04E7
3.9E7 1.42E8 2.45E8
-1.41E9 3.0E7 1.47E9
-6.46E8 6000000.0 6.58E8
2200000.0 1.06E7 1.9E7
-3.47E9 1.0E8 3.67E9
800000.0 1.1E7 2.12E7
1.62E7 2.72E7 3.82E7
-3.0E7 3.0E7 9.0E7

8.0E7 1.42E8 2.04E8
-3280000.0 90000.0 3460000.0
-1.66E7 0.0 1.66E7
9340000.0 9870000.0 1.04E7
-6.4E7 3.9E7 1.42E8
3.0E7 1.47E9 2.91E9
-6.46E8 6000000.0 6.58E8
2200000.0 1.06E7 1.9E7
-3.47E9 1.0E8 3.67E9
-9400000.0 800000.0 1.1E7
2.72E7 3.82E7 4.92E7
3.0E7 9.0E7 1.5E8

8.0E7 1.42E8 2.04E8
-3280000.0 90000.0 3460000.0
-1.66E7 0.0 1.66E7
9870000.0 1.04E7 1.093E7
-6.4E7 3.9E7 1.42E8
-1.41E9 3.0E7 1.47E9
6000000.0 6.58E8 1.31E9
2200000.0 1.06E7 1.9E7
-3.47E9 1.0E8 3.67E9
800000.0 1.1E7 2.12E7
2.72E7 3.82E7 4.92E7
-3.0E7 3.0E7 9.0E7

8.0E7 1.42E8 2.04E8
-3280000.0 90000.0 3460000.0
-1.66E7 0.0 1.66E7
9340000.0 9870000.0 1.04E7
-6.4E7 3.9E7 1.42E8
3.0E7 1.47E9 2.91E9
-6.46E8 6000000.0 6.58E8
2200000.0 1.06E7 1.9E7
-3.47E9 1.0E8 3.67E9
-9400000.0 800000.0 1.1E7
1.62E7 2.72E7 3.82E7
3.0E7 9.0E7 1.5E8

8.0E7 1.42E8 2.04E8
-3280000.0 90000.0 3460000.0
-1.66E7 0.0 1.66E7
9340000.0 9870000.0 1.04E7
-6.4E7 3.9E7 1.42E8
-1.41E9 3.0E7 1.47E9
-6.46E8 6000000.0 6.58E8
-6200000.0 2200000.0 1.06E7
-3.47E9 1.0E8 3.67E9
800000.0 1.1E7 2.12E7
1.62E7 2.72E7 3.82E7
-3.0E7 3.0E7 9.0E7

8.0E7 1.42E8 2.04E8
-3280000.0 90000.0 3460000.0
0.0 1.66E7 3.32E7
9340000.0 9870000.0 1.04E7
-6.4E7 3.9E7 1.42E8
-1.41E9 3.0E7 1.47E9
-6.46E8 6000000.0 6.58E8
-6200000.0 2200000.0 1.06E7
1.0E8 3.67E9 7.24E9
-9400000.0 800000.0 1.1E7
1.62E7 2.72E7 3.82E7
-3.0E7 3.0E7 9.0E7

8.0E7 1.42E8 2.04E8
-3280000.0 90000.0 3460000.0
0.0 1.66E7 3.32E7
9340000.0 9870000.0 1.04E7
-6.4E7 3.9E7 1.42E8
-1.41E9 3.0E7 1.47E9
-6.46E8 6000000.0 6.58E8
-6200000.0 2200000.0 1.06E7
-3.47E9 1.0E8 3.67E9
-9400000.0 800000.0 1.1E7
2.72E7 3.82E7 4.92E7
-3.0E7 3.0E7 9.0E7

1.8E7 8.0E7 1.42E8
-3280000.0 90000.0 3460000.0
-1.66E7 0.0 1.66E7
9340000.0 9870000.0 1.04E7
-6.4E7 3.9E7 1.42E8
3.0E7 1.47E9 2.91E9
-6.46E8 6000000.0 6.58E8
2200000.0 1.06E7 1.9E7
-3.47E9 1.0E8 3.67E9
-9400000.0 800000.0 1.1E7
1.62E7 2.72E7 3.82E7
3.0E7 9.0E7 1.5E8

8.0E7 1.42E8 2.04E8
-3280000.0 90000.0 3460000.0
-1.66E7 0.0 1.66E7
9340000.0 9870000.0 1.04E7
-6.4E7 3.9E7 1.42E8
-1.41E9 3.0E7 1.47E9
-6.46E8 6000000.0 6.58E8
2200000.0 1.06E7 1.9E7
-3.47E9 1.0E8 3.67E9
800000.0 1.1E7 2.12E7
2.72E7 3.82E7 4.92E7
-3.0E7 3.0E7 9.0E7


ECMtra: 1.1621918702220564E14 ECMtst: 1.2454559815181075E14
