Numero de reglas: 63

1.9E7 8.0E7 1.41E8
-3280000.0 90000.0 3460000.0
-1.66E7 0.0 1.66E7
9870000.0 1.01E7 1.033E7
-6.6E7 3.8E7 1.42E8
-2.85E9 2.0E7 2.89E9
6000000.0 3.16E8 6.26E8
-6200000.0 2300000.0 1.08E7
-4.22E9 9.0E7 4.4E9
-7700000.0 800000.0 9300000.0
1.62E7 2.72E7 3.82E7
-3.0E7 3.0E7 9.0E7

1.9E7 8.0E7 1.41E8
-3280000.0 90000.0 3460000.0
-1.66E7 0.0 1.66E7
9640000.0 9870000.0 1.01E7
-6.6E7 3.8E7 1.42E8
-2.85E9 2.0E7 2.89E9
-3.04E8 6000000.0 3.16E8
-6200000.0 2300000.0 1.08E7
-4.22E9 9.0E7 4.4E9
-7700000.0 800000.0 9300000.0
2.72E7 3.82E7 4.92E7
-3.0E7 3.0E7 9.0E7

1.9E7 8.0E7 1.41E8
-3280000.0 90000.0 3460000.0
-1.66E7 0.0 1.66E7
9640000.0 9870000.0 1.01E7
-6.6E7 3.8E7 1.42E8
-2.85E9 2.0E7 2.89E9
-3.04E8 6000000.0 3.16E8
-6200000.0 2300000.0 1.08E7
-4.22E9 9.0E7 4.4E9
-7700000.0 800000.0 9300000.0
1.62E7 2.72E7 3.82E7
-3.0E7 3.0E7 9.0E7

8.0E7 1.41E8 2.02E8
-3280000.0 90000.0 3460000.0
-1.66E7 0.0 1.66E7
9640000.0 9870000.0 1.01E7
-6.6E7 3.8E7 1.42E8
-2.85E9 2.0E7 2.89E9
-3.04E8 6000000.0 3.16E8
-6200000.0 2300000.0 1.08E7
-4.22E9 9.0E7 4.4E9
-7700000.0 800000.0 9300000.0
1.62E7 2.72E7 3.82E7
3.0E7 9.0E7 1.5E8

1.9E7 8.0E7 1.41E8
-3280000.0 90000.0 3460000.0
-1.66E7 0.0 1.66E7
9870000.0 1.01E7 1.033E7
-6.6E7 3.8E7 1.42E8
-2.85E9 2.0E7 2.89E9
6000000.0 3.16E8 6.26E8
2300000.0 1.08E7 1.93E7
-4.22E9 9.0E7 4.4E9
-7700000.0 800000.0 9300000.0
1.62E7 2.72E7 3.82E7
-3.0E7 3.0E7 9.0E7

8.0E7 1.41E8 2.02E8
-3280000.0 90000.0 3460000.0
-1.66E7 0.0 1.66E7
9640000.0 9870000.0 1.01E7
-6.6E7 3.8E7 1.42E8
-2.85E9 2.0E7 2.89E9
-3.04E8 6000000.0 3.16E8
-6200000.0 2300000.0 1.08E7
-4.22E9 9.0E7 4.4E9
800000.0 9300000.0 1.78E7
2.72E7 3.82E7 4.92E7
-3.0E7 3.0E7 9.0E7

1.9E7 8.0E7 1.41E8
-3280000.0 90000.0 3460000.0
-1.66E7 0.0 1.66E7
9640000.0 9870000.0 1.01E7
-6.6E7 3.8E7 1.42E8
-2.85E9 2.0E7 2.89E9
-3.04E8 6000000.0 3.16E8
-6200000.0 2300000.0 1.08E7
-4.22E9 9.0E7 4.4E9
800000.0 9300000.0 1.78E7
1.62E7 2.72E7 3.82E7
-3.0E7 3.0E7 9.0E7

1.9E7 8.0E7 1.41E8
-3280000.0 90000.0 3460000.0
-1.66E7 0.0 1.66E7
9640000.0 9870000.0 1.01E7
-6.6E7 3.8E7 1.42E8
-2.85E9 2.0E7 2.89E9
-3.04E8 6000000.0 3.16E8
-6200000.0 2300000.0 1.08E7
9.0E7 4.4E9 8.71E9
-7700000.0 800000.0 9300000.0
1.62E7 2.72E7 3.82E7
-3.0E7 3.0E7 9.0E7

8.0E7 1.41E8 2.02E8
-3280000.0 90000.0 3460000.0
-1.66E7 0.0 1.66E7
9640000.0 9870000.0 1.01E7
-6.6E7 3.8E7 1.42E8
-2.85E9 2.0E7 2.89E9
-3.04E8 6000000.0 3.16E8
2300000.0 1.08E7 1.93E7
-4.22E9 9.0E7 4.4E9
-7700000.0 800000.0 9300000.0
1.62E7 2.72E7 3.82E7
3.0E7 9.0E7 1.5E8

8.0E7 1.41E8 2.02E8
-3280000.0 90000.0 3460000.0
-1.66E7 0.0 1.66E7
9640000.0 9870000.0 1.01E7
-6.6E7 3.8E7 1.42E8
-2.85E9 2.0E7 2.89E9
-3.04E8 6000000.0 3.16E8
-6200000.0 2300000.0 1.08E7
-4.22E9 9.0E7 4.4E9
-7700000.0 800000.0 9300000.0
2.72E7 3.82E7 4.92E7
3.0E7 9.0E7 1.5E8

1.9E7 8.0E7 1.41E8
-3280000.0 90000.0 3460000.0
-1.66E7 0.0 1.66E7
9640000.0 9870000.0 1.01E7
-6.6E7 3.8E7 1.42E8
-2.85E9 2.0E7 2.89E9
-3.04E8 6000000.0 3.16E8
2300000.0 1.08E7 1.93E7
-4.22E9 9.0E7 4.4E9
-7700000.0 800000.0 9300000.0
2.72E7 3.82E7 4.92E7
3.0E7 9.0E7 1.5E8

1.9E7 8.0E7 1.41E8
-3280000.0 90000.0 3460000.0
-1.66E7 0.0 1.66E7
9870000.0 1.01E7 1.033E7
-6.6E7 3.8E7 1.42E8
-2.85E9 2.0E7 2.89E9
-3.04E8 6000000.0 3.16E8
-6200000.0 2300000.0 1.08E7
-4.22E9 9.0E7 4.4E9
-7700000.0 800000.0 9300000.0
1.62E7 2.72E7 3.82E7
-3.0E7 3.0E7 9.0E7

1.9E7 8.0E7 1.41E8
-3280000.0 90000.0 3460000.0
-1.66E7 0.0 1.66E7
9640000.0 9870000.0 1.01E7
3.8E7 1.42E8 2.46E8
-2.85E9 2.0E7 2.89E9
-3.04E8 6000000.0 3.16E8
-6200000.0 2300000.0 1.08E7
-4.22E9 9.0E7 4.4E9
-7700000.0 800000.0 9300000.0
1.62E7 2.72E7 3.82E7
-3.0E7 3.0E7 9.0E7

1.9E7 8.0E7 1.41E8
-3280000.0 90000.0 3460000.0
-1.66E7 0.0 1.66E7
9870000.0 1.01E7 1.033E7
-6.6E7 3.8E7 1.42E8
-2.85E9 2.0E7 2.89E9
6000000.0 3.16E8 6.26E8
-6200000.0 2300000.0 1.08E7
9.0E7 4.4E9 8.71E9
-7700000.0 800000.0 9300000.0
1.62E7 2.72E7 3.82E7
-3.0E7 3.0E7 9.0E7

1.9E7 8.0E7 1.41E8
-3280000.0 90000.0 3460000.0
-1.66E7 0.0 1.66E7
9640000.0 9870000.0 1.01E7
-6.6E7 3.8E7 1.42E8
-2.85E9 2.0E7 2.89E9
-3.04E8 6000000.0 3.16E8
-6200000.0 2300000.0 1.08E7
-4.22E9 9.0E7 4.4E9
800000.0 9300000.0 1.78E7
2.72E7 3.82E7 4.92E7
-3.0E7 3.0E7 9.0E7

1.9E7 8.0E7 1.41E8
-3280000.0 90000.0 3460000.0
-1.66E7 0.0 1.66E7
9640000.0 9870000.0 1.01E7
-6.6E7 3.8E7 1.42E8
-2.85E9 2.0E7 2.89E9
-3.04E8 6000000.0 3.16E8
2300000.0 1.08E7 1.93E7
-4.22E9 9.0E7 4.4E9
-7700000.0 800000.0 9300000.0
1.62E7 2.72E7 3.82E7
-3.0E7 3.0E7 9.0E7

8.0E7 1.41E8 2.02E8
-3280000.0 90000.0 3460000.0
-1.66E7 0.0 1.66E7
9640000.0 9870000.0 1.01E7
-6.6E7 3.8E7 1.42E8
-2.85E9 2.0E7 2.89E9
-3.04E8 6000000.0 3.16E8
-6200000.0 2300000.0 1.08E7
-4.22E9 9.0E7 4.4E9
800000.0 9300000.0 1.78E7
1.62E7 2.72E7 3.82E7
-3.0E7 3.0E7 9.0E7

1.9E7 8.0E7 1.41E8
90000.0 3460000.0 6830000.0
-1.66E7 0.0 1.66E7
9640000.0 9870000.0 1.01E7
-6.6E7 3.8E7 1.42E8
-2.85E9 2.0E7 2.89E9
-3.04E8 6000000.0 3.16E8
-6200000.0 2300000.0 1.08E7
-4.22E9 9.0E7 4.4E9
-7700000.0 800000.0 9300000.0
1.62E7 2.72E7 3.82E7
-3.0E7 3.0E7 9.0E7

1.9E7 8.0E7 1.41E8
-3280000.0 90000.0 3460000.0
-1.66E7 0.0 1.66E7
9640000.0 9870000.0 1.01E7
-6.6E7 3.8E7 1.42E8
-2.85E9 2.0E7 2.89E9
-3.04E8 6000000.0 3.16E8
-6200000.0 2300000.0 1.08E7
9.0E7 4.4E9 8.71E9
800000.0 9300000.0 1.78E7
1.62E7 2.72E7 3.82E7
-3.0E7 3.0E7 9.0E7

1.9E7 8.0E7 1.41E8
-3280000.0 90000.0 3460000.0
0.0 1.66E7 3.32E7
9640000.0 9870000.0 1.01E7
3.8E7 1.42E8 2.46E8
-2.85E9 2.0E7 2.89E9
-3.04E8 6000000.0 3.16E8
-6200000.0 2300000.0 1.08E7
-4.22E9 9.0E7 4.4E9
-7700000.0 800000.0 9300000.0
1.62E7 2.72E7 3.82E7
-3.0E7 3.0E7 9.0E7

1.9E7 8.0E7 1.41E8
-3280000.0 90000.0 3460000.0
-1.66E7 0.0 1.66E7
9640000.0 9870000.0 1.01E7
-6.6E7 3.8E7 1.42E8
-2.85E9 2.0E7 2.89E9
-3.04E8 6000000.0 3.16E8
2300000.0 1.08E7 1.93E7
-4.22E9 9.0E7 4.4E9
800000.0 9300000.0 1.78E7
2.72E7 3.82E7 4.92E7
-3.0E7 3.0E7 9.0E7

1.9E7 8.0E7 1.41E8
-3280000.0 90000.0 3460000.0
-1.66E7 0.0 1.66E7
9870000.0 1.01E7 1.033E7
-6.6E7 3.8E7 1.42E8
-2.85E9 2.0E7 2.89E9
6000000.0 3.16E8 6.26E8
-6200000.0 2300000.0 1.08E7
-4.22E9 9.0E7 4.4E9
-7700000.0 800000.0 9300000.0
2.72E7 3.82E7 4.92E7
-3.0E7 3.0E7 9.0E7

8.0E7 1.41E8 2.02E8
-3280000.0 90000.0 3460000.0
-1.66E7 0.0 1.66E7
9640000.0 9870000.0 1.01E7
-6.6E7 3.8E7 1.42E8
-2.85E9 2.0E7 2.89E9
-3.04E8 6000000.0 3.16E8
2300000.0 1.08E7 1.93E7
9.0E7 4.4E9 8.71E9
-7700000.0 800000.0 9300000.0
2.72E7 3.82E7 4.92E7
-3.0E7 3.0E7 9.0E7

1.9E7 8.0E7 1.41E8
-3280000.0 90000.0 3460000.0
-1.66E7 0.0 1.66E7
9640000.0 9870000.0 1.01E7
-6.6E7 3.8E7 1.42E8
-2.85E9 2.0E7 2.89E9
6000000.0 3.16E8 6.26E8
-6200000.0 2300000.0 1.08E7
-4.22E9 9.0E7 4.4E9
-7700000.0 800000.0 9300000.0
1.62E7 2.72E7 3.82E7
-3.0E7 3.0E7 9.0E7

1.9E7 8.0E7 1.41E8
-3280000.0 90000.0 3460000.0
-1.66E7 0.0 1.66E7
9640000.0 9870000.0 1.01E7
3.8E7 1.42E8 2.46E8
-2.85E9 2.0E7 2.89E9
-3.04E8 6000000.0 3.16E8
-6200000.0 2300000.0 1.08E7
-4.22E9 9.0E7 4.4E9
800000.0 9300000.0 1.78E7
1.62E7 2.72E7 3.82E7
-3.0E7 3.0E7 9.0E7

8.0E7 1.41E8 2.02E8
-3280000.0 90000.0 3460000.0
-1.66E7 0.0 1.66E7
9640000.0 9870000.0 1.01E7
-6.6E7 3.8E7 1.42E8
-2.85E9 2.0E7 2.89E9
-3.04E8 6000000.0 3.16E8
2300000.0 1.08E7 1.93E7
-4.22E9 9.0E7 4.4E9
-7700000.0 800000.0 9300000.0
2.72E7 3.82E7 4.92E7
3.0E7 9.0E7 1.5E8

1.9E7 8.0E7 1.41E8
-3280000.0 90000.0 3460000.0
-1.66E7 0.0 1.66E7
9640000.0 9870000.0 1.01E7
-6.6E7 3.8E7 1.42E8
-2.85E9 2.0E7 2.89E9
-3.04E8 6000000.0 3.16E8
2300000.0 1.08E7 1.93E7
9.0E7 4.4E9 8.71E9
-7700000.0 800000.0 9300000.0
1.62E7 2.72E7 3.82E7
-3.0E7 3.0E7 9.0E7

1.9E7 8.0E7 1.41E8
-3280000.0 90000.0 3460000.0
-1.66E7 0.0 1.66E7
9640000.0 9870000.0 1.01E7
-6.6E7 3.8E7 1.42E8
-2.85E9 2.0E7 2.89E9
-3.04E8 6000000.0 3.16E8
-6200000.0 2300000.0 1.08E7
9.0E7 4.4E9 8.71E9
-7700000.0 800000.0 9300000.0
2.72E7 3.82E7 4.92E7
-3.0E7 3.0E7 9.0E7

1.9E7 8.0E7 1.41E8
90000.0 3460000.0 6830000.0
-1.66E7 0.0 1.66E7
9640000.0 9870000.0 1.01E7
-6.6E7 3.8E7 1.42E8
-2.85E9 2.0E7 2.89E9
-3.04E8 6000000.0 3.16E8
-6200000.0 2300000.0 1.08E7
-4.22E9 9.0E7 4.4E9
-7700000.0 800000.0 9300000.0
2.72E7 3.82E7 4.92E7
-3.0E7 3.0E7 9.0E7

8.0E7 1.41E8 2.02E8
-3280000.0 90000.0 3460000.0
-1.66E7 0.0 1.66E7
9640000.0 9870000.0 1.01E7
3.8E7 1.42E8 2.46E8
-2.85E9 2.0E7 2.89E9
-3.04E8 6000000.0 3.16E8
-6200000.0 2300000.0 1.08E7
-4.22E9 9.0E7 4.4E9
-7700000.0 800000.0 9300000.0
1.62E7 2.72E7 3.82E7
3.0E7 9.0E7 1.5E8

1.9E7 8.0E7 1.41E8
90000.0 3460000.0 6830000.0
-1.66E7 0.0 1.66E7
9640000.0 9870000.0 1.01E7
-6.6E7 3.8E7 1.42E8
-2.85E9 2.0E7 2.89E9
-3.04E8 6000000.0 3.16E8
2300000.0 1.08E7 1.93E7
-4.22E9 9.0E7 4.4E9
800000.0 9300000.0 1.78E7
1.62E7 2.72E7 3.82E7
-3.0E7 3.0E7 9.0E7

1.9E7 8.0E7 1.41E8
-3280000.0 90000.0 3460000.0
-1.66E7 0.0 1.66E7
9870000.0 1.01E7 1.033E7
-6.6E7 3.8E7 1.42E8
-2.85E9 2.0E7 2.89E9
6000000.0 3.16E8 6.26E8
2300000.0 1.08E7 1.93E7
9.0E7 4.4E9 8.71E9
-7700000.0 800000.0 9300000.0
1.62E7 2.72E7 3.82E7
-3.0E7 3.0E7 9.0E7

8.0E7 1.41E8 2.02E8
-3280000.0 90000.0 3460000.0
0.0 1.66E7 3.32E7
9640000.0 9870000.0 1.01E7
-6.6E7 3.8E7 1.42E8
-2.85E9 2.0E7 2.89E9
-3.04E8 6000000.0 3.16E8
-6200000.0 2300000.0 1.08E7
-4.22E9 9.0E7 4.4E9
-7700000.0 800000.0 9300000.0
1.62E7 2.72E7 3.82E7
-3.0E7 3.0E7 9.0E7

1.9E7 8.0E7 1.41E8
-3280000.0 90000.0 3460000.0
-1.66E7 0.0 1.66E7
9870000.0 1.01E7 1.033E7
-6.6E7 3.8E7 1.42E8
-2.85E9 2.0E7 2.89E9
-3.04E8 6000000.0 3.16E8
2300000.0 1.08E7 1.93E7
-4.22E9 9.0E7 4.4E9
-7700000.0 800000.0 9300000.0
2.72E7 3.82E7 4.92E7
3.0E7 9.0E7 1.5E8

1.9E7 8.0E7 1.41E8
-3280000.0 90000.0 3460000.0
-1.66E7 0.0 1.66E7
9870000.0 1.01E7 1.033E7
-6.6E7 3.8E7 1.42E8
-2.85E9 2.0E7 2.89E9
-3.04E8 6000000.0 3.16E8
-6200000.0 2300000.0 1.08E7
9.0E7 4.4E9 8.71E9
-7700000.0 800000.0 9300000.0
1.62E7 2.72E7 3.82E7
3.0E7 9.0E7 1.5E8

1.9E7 8.0E7 1.41E8
-3280000.0 90000.0 3460000.0
-1.66E7 0.0 1.66E7
9870000.0 1.01E7 1.033E7
-6.6E7 3.8E7 1.42E8
-2.85E9 2.0E7 2.89E9
-3.04E8 6000000.0 3.16E8
2300000.0 1.08E7 1.93E7
-4.22E9 9.0E7 4.4E9
-7700000.0 800000.0 9300000.0
1.62E7 2.72E7 3.82E7
3.0E7 9.0E7 1.5E8

1.9E7 8.0E7 1.41E8
-3280000.0 90000.0 3460000.0
0.0 1.66E7 3.32E7
9870000.0 1.01E7 1.033E7
-6.6E7 3.8E7 1.42E8
-2.85E9 2.0E7 2.89E9
6000000.0 3.16E8 6.26E8
-6200000.0 2300000.0 1.08E7
-4.22E9 9.0E7 4.4E9
-7700000.0 800000.0 9300000.0
1.62E7 2.72E7 3.82E7
-3.0E7 3.0E7 9.0E7

1.9E7 8.0E7 1.41E8
-3280000.0 90000.0 3460000.0
-1.66E7 0.0 1.66E7
9870000.0 1.01E7 1.033E7
-6.6E7 3.8E7 1.42E8
-2.85E9 2.0E7 2.89E9
-3.04E8 6000000.0 3.16E8
-6200000.0 2300000.0 1.08E7
-4.22E9 9.0E7 4.4E9
-7700000.0 800000.0 9300000.0
2.72E7 3.82E7 4.92E7
-3.0E7 3.0E7 9.0E7

1.9E7 8.0E7 1.41E8
90000.0 3460000.0 6830000.0
-1.66E7 0.0 1.66E7
9640000.0 9870000.0 1.01E7
-6.6E7 3.8E7 1.42E8
-2.85E9 2.0E7 2.89E9
-3.04E8 6000000.0 3.16E8
2300000.0 1.08E7 1.93E7
9.0E7 4.4E9 8.71E9
800000.0 9300000.0 1.78E7
1.62E7 2.72E7 3.82E7
-3.0E7 3.0E7 9.0E7

1.9E7 8.0E7 1.41E8
-3280000.0 90000.0 3460000.0
-1.66E7 0.0 1.66E7
9640000.0 9870000.0 1.01E7
-6.6E7 3.8E7 1.42E8
-2.85E9 2.0E7 2.89E9
-3.04E8 6000000.0 3.16E8
2300000.0 1.08E7 1.93E7
-4.22E9 9.0E7 4.4E9
800000.0 9300000.0 1.78E7
1.62E7 2.72E7 3.82E7
-3.0E7 3.0E7 9.0E7

1.9E7 8.0E7 1.41E8
-3280000.0 90000.0 3460000.0
-1.66E7 0.0 1.66E7
9640000.0 9870000.0 1.01E7
3.8E7 1.42E8 2.46E8
-2.85E9 2.0E7 2.89E9
-3.04E8 6000000.0 3.16E8
2300000.0 1.08E7 1.93E7
-4.22E9 9.0E7 4.4E9
-7700000.0 800000.0 9300000.0
1.62E7 2.72E7 3.82E7
-3.0E7 3.0E7 9.0E7

1.9E7 8.0E7 1.41E8
90000.0 3460000.0 6830000.0
-1.66E7 0.0 1.66E7
9870000.0 1.01E7 1.033E7
-6.6E7 3.8E7 1.42E8
-2.85E9 2.0E7 2.89E9
-3.04E8 6000000.0 3.16E8
-6200000.0 2300000.0 1.08E7
-4.22E9 9.0E7 4.4E9
800000.0 9300000.0 1.78E7
1.62E7 2.72E7 3.82E7
-3.0E7 3.0E7 9.0E7

1.9E7 8.0E7 1.41E8
-3280000.0 90000.0 3460000.0
-1.66E7 0.0 1.66E7
9870000.0 1.01E7 1.033E7
-6.6E7 3.8E7 1.42E8
-2.85E9 2.0E7 2.89E9
6000000.0 3.16E8 6.26E8
2300000.0 1.08E7 1.93E7
9.0E7 4.4E9 8.71E9
800000.0 9300000.0 1.78E7
1.62E7 2.72E7 3.82E7
-3.0E7 3.0E7 9.0E7

1.9E7 8.0E7 1.41E8
-3280000.0 90000.0 3460000.0
0.0 1.66E7 3.32E7
9640000.0 9870000.0 1.01E7
-6.6E7 3.8E7 1.42E8
-2.85E9 2.0E7 2.89E9
-3.04E8 6000000.0 3.16E8
-6200000.0 2300000.0 1.08E7
-4.22E9 9.0E7 4.4E9
-7700000.0 800000.0 9300000.0
1.62E7 2.72E7 3.82E7
-3.0E7 3.0E7 9.0E7

1.9E7 8.0E7 1.41E8
-3280000.0 90000.0 3460000.0
-1.66E7 0.0 1.66E7
9870000.0 1.01E7 1.033E7
3.8E7 1.42E8 2.46E8
-2.85E9 2.0E7 2.89E9
-3.04E8 6000000.0 3.16E8
-6200000.0 2300000.0 1.08E7
-4.22E9 9.0E7 4.4E9
-7700000.0 800000.0 9300000.0
1.62E7 2.72E7 3.82E7
-3.0E7 3.0E7 9.0E7

1.9E7 8.0E7 1.41E8
-3280000.0 90000.0 3460000.0
-1.66E7 0.0 1.66E7
9640000.0 9870000.0 1.01E7
3.8E7 1.42E8 2.46E8
-2.85E9 2.0E7 2.89E9
-3.04E8 6000000.0 3.16E8
-6200000.0 2300000.0 1.08E7
9.0E7 4.4E9 8.71E9
-7700000.0 800000.0 9300000.0
1.62E7 2.72E7 3.82E7
-3.0E7 3.0E7 9.0E7

1.9E7 8.0E7 1.41E8
-3280000.0 90000.0 3460000.0
-1.66E7 0.0 1.66E7
9640000.0 9870000.0 1.01E7
-6.6E7 3.8E7 1.42E8
2.0E7 2.89E9 5.76E9
-3.04E8 6000000.0 3.16E8
-6200000.0 2300000.0 1.08E7
9.0E7 4.4E9 8.71E9
-7700000.0 800000.0 9300000.0
1.62E7 2.72E7 3.82E7
-3.0E7 3.0E7 9.0E7

1.9E7 8.0E7 1.41E8
-3280000.0 90000.0 3460000.0
-1.66E7 0.0 1.66E7
9640000.0 9870000.0 1.01E7
-6.6E7 3.8E7 1.42E8
-2.85E9 2.0E7 2.89E9
6000000.0 3.16E8 6.26E8
2300000.0 1.08E7 1.93E7
-4.22E9 9.0E7 4.4E9
-7700000.0 800000.0 9300000.0
1.62E7 2.72E7 3.82E7
-3.0E7 3.0E7 9.0E7

1.9E7 8.0E7 1.41E8
-3280000.0 90000.0 3460000.0
-1.66E7 0.0 1.66E7
9870000.0 1.01E7 1.033E7
-6.6E7 3.8E7 1.42E8
-2.85E9 2.0E7 2.89E9
-3.04E8 6000000.0 3.16E8
2300000.0 1.08E7 1.93E7
9.0E7 4.4E9 8.71E9
-7700000.0 800000.0 9300000.0
1.62E7 2.72E7 3.82E7
-3.0E7 3.0E7 9.0E7

1.9E7 8.0E7 1.41E8
-3280000.0 90000.0 3460000.0
-1.66E7 0.0 1.66E7
9640000.0 9870000.0 1.01E7
3.8E7 1.42E8 2.46E8
-2.85E9 2.0E7 2.89E9
-3.04E8 6000000.0 3.16E8
2300000.0 1.08E7 1.93E7
9.0E7 4.4E9 8.71E9
-7700000.0 800000.0 9300000.0
1.62E7 2.72E7 3.82E7
-3.0E7 3.0E7 9.0E7

1.9E7 8.0E7 1.41E8
-3280000.0 90000.0 3460000.0
-1.66E7 0.0 1.66E7
9870000.0 1.01E7 1.033E7
3.8E7 1.42E8 2.46E8
-2.85E9 2.0E7 2.89E9
-3.04E8 6000000.0 3.16E8
-6200000.0 2300000.0 1.08E7
-4.22E9 9.0E7 4.4E9
800000.0 9300000.0 1.78E7
1.62E7 2.72E7 3.82E7
-3.0E7 3.0E7 9.0E7

8.0E7 1.41E8 2.02E8
-3280000.0 90000.0 3460000.0
-1.66E7 0.0 1.66E7
9640000.0 9870000.0 1.01E7
-6.6E7 3.8E7 1.42E8
-2.85E9 2.0E7 2.89E9
6000000.0 3.16E8 6.26E8
-6200000.0 2300000.0 1.08E7
-4.22E9 9.0E7 4.4E9
-7700000.0 800000.0 9300000.0
1.62E7 2.72E7 3.82E7
-3.0E7 3.0E7 9.0E7

1.9E7 8.0E7 1.41E8
-3280000.0 90000.0 3460000.0
-1.66E7 0.0 1.66E7
9870000.0 1.01E7 1.033E7
3.8E7 1.42E8 2.46E8
-2.85E9 2.0E7 2.89E9
6000000.0 3.16E8 6.26E8
-6200000.0 2300000.0 1.08E7
9.0E7 4.4E9 8.71E9
-7700000.0 800000.0 9300000.0
1.62E7 2.72E7 3.82E7
-3.0E7 3.0E7 9.0E7

1.9E7 8.0E7 1.41E8
-3280000.0 90000.0 3460000.0
-1.66E7 0.0 1.66E7
9640000.0 9870000.0 1.01E7
-6.6E7 3.8E7 1.42E8
-2.85E9 2.0E7 2.89E9
-3.04E8 6000000.0 3.16E8
-6200000.0 2300000.0 1.08E7
9.0E7 4.4E9 8.71E9
800000.0 9300000.0 1.78E7
2.72E7 3.82E7 4.92E7
-3.0E7 3.0E7 9.0E7

8.0E7 1.41E8 2.02E8
-3280000.0 90000.0 3460000.0
-1.66E7 0.0 1.66E7
9640000.0 9870000.0 1.01E7
3.8E7 1.42E8 2.46E8
-2.85E9 2.0E7 2.89E9
-3.04E8 6000000.0 3.16E8
2300000.0 1.08E7 1.93E7
-4.22E9 9.0E7 4.4E9
800000.0 9300000.0 1.78E7
1.62E7 2.72E7 3.82E7
-3.0E7 3.0E7 9.0E7

8.0E7 1.41E8 2.02E8
-3280000.0 90000.0 3460000.0
0.0 1.66E7 3.32E7
9640000.0 9870000.0 1.01E7
-6.6E7 3.8E7 1.42E8
-2.85E9 2.0E7 2.89E9
-3.04E8 6000000.0 3.16E8
-6200000.0 2300000.0 1.08E7
9.0E7 4.4E9 8.71E9
-7700000.0 800000.0 9300000.0
1.62E7 2.72E7 3.82E7
-3.0E7 3.0E7 9.0E7

8.0E7 1.41E8 2.02E8
-3280000.0 90000.0 3460000.0
0.0 1.66E7 3.32E7
9640000.0 9870000.0 1.01E7
-6.6E7 3.8E7 1.42E8
-2.85E9 2.0E7 2.89E9
6000000.0 3.16E8 6.26E8
-6200000.0 2300000.0 1.08E7
-4.22E9 9.0E7 4.4E9
-7700000.0 800000.0 9300000.0
2.72E7 3.82E7 4.92E7
-3.0E7 3.0E7 9.0E7

1.9E7 8.0E7 1.41E8
-3280000.0 90000.0 3460000.0
-1.66E7 0.0 1.66E7
9640000.0 9870000.0 1.01E7
-6.6E7 3.8E7 1.42E8
-2.85E9 2.0E7 2.89E9
6000000.0 3.16E8 6.26E8
-6200000.0 2300000.0 1.08E7
-4.22E9 9.0E7 4.4E9
-7700000.0 800000.0 9300000.0
2.72E7 3.82E7 4.92E7
-3.0E7 3.0E7 9.0E7

1.9E7 8.0E7 1.41E8
-3280000.0 90000.0 3460000.0
-1.66E7 0.0 1.66E7
9870000.0 1.01E7 1.033E7
-6.6E7 3.8E7 1.42E8
-2.85E9 2.0E7 2.89E9
6000000.0 3.16E8 6.26E8
-6200000.0 2300000.0 1.08E7
-4.22E9 9.0E7 4.4E9
800000.0 9300000.0 1.78E7
2.72E7 3.82E7 4.92E7
-3.0E7 3.0E7 9.0E7

8.0E7 1.41E8 2.02E8
-3280000.0 90000.0 3460000.0
-1.66E7 0.0 1.66E7
9640000.0 9870000.0 1.01E7
-6.6E7 3.8E7 1.42E8
-2.85E9 2.0E7 2.89E9
-3.04E8 6000000.0 3.16E8
2300000.0 1.08E7 1.93E7
-4.22E9 9.0E7 4.4E9
800000.0 9300000.0 1.78E7
1.62E7 2.72E7 3.82E7
3.0E7 9.0E7 1.5E8

8.0E7 1.41E8 2.02E8
-3280000.0 90000.0 3460000.0
0.0 1.66E7 3.32E7
9640000.0 9870000.0 1.01E7
-6.6E7 3.8E7 1.42E8
-2.85E9 2.0E7 2.89E9
-3.04E8 6000000.0 3.16E8
-6200000.0 2300000.0 1.08E7
-4.22E9 9.0E7 4.4E9
-7700000.0 800000.0 9300000.0
2.72E7 3.82E7 4.92E7
-3.0E7 3.0E7 9.0E7

1.9E7 8.0E7 1.41E8
-3280000.0 90000.0 3460000.0
-1.66E7 0.0 1.66E7
9640000.0 9870000.0 1.01E7
-6.6E7 3.8E7 1.42E8
2.0E7 2.89E9 5.76E9
-3.04E8 6000000.0 3.16E8
-6200000.0 2300000.0 1.08E7
9.0E7 4.4E9 8.71E9
-7700000.0 800000.0 9300000.0
2.72E7 3.82E7 4.92E7
-3.0E7 3.0E7 9.0E7

8.0E7 1.41E8 2.02E8
-3280000.0 90000.0 3460000.0
-1.66E7 0.0 1.66E7
9640000.0 9870000.0 1.01E7
-6.6E7 3.8E7 1.42E8
-2.85E9 2.0E7 2.89E9
-3.04E8 6000000.0 3.16E8
2300000.0 1.08E7 1.93E7
-4.22E9 9.0E7 4.4E9
800000.0 9300000.0 1.78E7
2.72E7 3.82E7 4.92E7
-3.0E7 3.0E7 9.0E7


ECMtra: 1.6783310822209838E14 ECMtst: 1.643066918184109E14
