Numero de reglas: 38

2.6E7 8.4E7 1.42E8
-2720000.0 90000.0 2900000.0
-1.66E7 0.0 1.66E7
9340000.0 9870000.0 1.04E7
-6.6E7 3.8E7 1.42E8
-2.85E9 2.0E7 2.89E9
-6.46E8 6000000.0 6.58E8
-6400000.0 2200000.0 1.08E7
-4.22E9 9.0E7 4.4E9
-9400000.0 800000.0 1.1E7
1.62E7 2.72E7 3.82E7
-3.0E7 3.0E7 9.0E7

2.6E7 8.4E7 1.42E8
-2720000.0 90000.0 2900000.0
-1.66E7 0.0 1.66E7
9340000.0 9870000.0 1.04E7
-6.6E7 3.8E7 1.42E8
-2.85E9 2.0E7 2.89E9
-6.46E8 6000000.0 6.58E8
-6400000.0 2200000.0 1.08E7
-4.22E9 9.0E7 4.4E9
-9400000.0 800000.0 1.1E7
2.72E7 3.82E7 4.92E7
-3.0E7 3.0E7 9.0E7

8.4E7 1.42E8 2.0E8
-2720000.0 90000.0 2900000.0
-1.66E7 0.0 1.66E7
9340000.0 9870000.0 1.04E7
-6.6E7 3.8E7 1.42E8
-2.85E9 2.0E7 2.89E9
-6.46E8 6000000.0 6.58E8
-6400000.0 2200000.0 1.08E7
-4.22E9 9.0E7 4.4E9
-9400000.0 800000.0 1.1E7
1.62E7 2.72E7 3.82E7
3.0E7 9.0E7 1.5E8

8.4E7 1.42E8 2.0E8
-2720000.0 90000.0 2900000.0
-1.66E7 0.0 1.66E7
9340000.0 9870000.0 1.04E7
-6.6E7 3.8E7 1.42E8
-2.85E9 2.0E7 2.89E9
-6.46E8 6000000.0 6.58E8
-6400000.0 2200000.0 1.08E7
-4.22E9 9.0E7 4.4E9
-9400000.0 800000.0 1.1E7
2.72E7 3.82E7 4.92E7
3.0E7 9.0E7 1.5E8

2.6E7 8.4E7 1.42E8
-2720000.0 90000.0 2900000.0
-1.66E7 0.0 1.66E7
9340000.0 9870000.0 1.04E7
-6.6E7 3.8E7 1.42E8
-2.85E9 2.0E7 2.89E9
-6.46E8 6000000.0 6.58E8
2200000.0 1.08E7 1.94E7
-4.22E9 9.0E7 4.4E9
-9400000.0 800000.0 1.1E7
1.62E7 2.72E7 3.82E7
-3.0E7 3.0E7 9.0E7

8.4E7 1.42E8 2.0E8
-2720000.0 90000.0 2900000.0
-1.66E7 0.0 1.66E7
9340000.0 9870000.0 1.04E7
-6.6E7 3.8E7 1.42E8
-2.85E9 2.0E7 2.89E9
-6.46E8 6000000.0 6.58E8
-6400000.0 2200000.0 1.08E7
-4.22E9 9.0E7 4.4E9
800000.0 1.1E7 2.12E7
2.72E7 3.82E7 4.92E7
-3.0E7 3.0E7 9.0E7

2.6E7 8.4E7 1.42E8
-2720000.0 90000.0 2900000.0
-1.66E7 0.0 1.66E7
9340000.0 9870000.0 1.04E7
-6.6E7 3.8E7 1.42E8
-2.85E9 2.0E7 2.89E9
-6.46E8 6000000.0 6.58E8
-6400000.0 2200000.0 1.08E7
9.0E7 4.4E9 8.71E9
-9400000.0 800000.0 1.1E7
1.62E7 2.72E7 3.82E7
-3.0E7 3.0E7 9.0E7

8.4E7 1.42E8 2.0E8
-2720000.0 90000.0 2900000.0
-1.66E7 0.0 1.66E7
9340000.0 9870000.0 1.04E7
-6.6E7 3.8E7 1.42E8
-2.85E9 2.0E7 2.89E9
-6.46E8 6000000.0 6.58E8
2200000.0 1.08E7 1.94E7
-4.22E9 9.0E7 4.4E9
-9400000.0 800000.0 1.1E7
1.62E7 2.72E7 3.82E7
3.0E7 9.0E7 1.5E8

2.6E7 8.4E7 1.42E8
90000.0 2900000.0 5710000.0
-1.66E7 0.0 1.66E7
9340000.0 9870000.0 1.04E7
-6.6E7 3.8E7 1.42E8
-2.85E9 2.0E7 2.89E9
-6.46E8 6000000.0 6.58E8
-6400000.0 2200000.0 1.08E7
-4.22E9 9.0E7 4.4E9
-9400000.0 800000.0 1.1E7
1.62E7 2.72E7 3.82E7
-3.0E7 3.0E7 9.0E7

2.6E7 8.4E7 1.42E8
-2720000.0 90000.0 2900000.0
-1.66E7 0.0 1.66E7
9340000.0 9870000.0 1.04E7
-6.6E7 3.8E7 1.42E8
-2.85E9 2.0E7 2.89E9
-6.46E8 6000000.0 6.58E8
-6400000.0 2200000.0 1.08E7
9.0E7 4.4E9 8.71E9
-9400000.0 800000.0 1.1E7
2.72E7 3.82E7 4.92E7
-3.0E7 3.0E7 9.0E7

2.6E7 8.4E7 1.42E8
-2720000.0 90000.0 2900000.0
-1.66E7 0.0 1.66E7
9340000.0 9870000.0 1.04E7
-6.6E7 3.8E7 1.42E8
-2.85E9 2.0E7 2.89E9
-6.46E8 6000000.0 6.58E8
2200000.0 1.08E7 1.94E7
-4.22E9 9.0E7 4.4E9
-9400000.0 800000.0 1.1E7
2.72E7 3.82E7 4.92E7
3.0E7 9.0E7 1.5E8

2.6E7 8.4E7 1.42E8
-2720000.0 90000.0 2900000.0
-1.66E7 0.0 1.66E7
9340000.0 9870000.0 1.04E7
3.8E7 1.42E8 2.46E8
-2.85E9 2.0E7 2.89E9
-6.46E8 6000000.0 6.58E8
-6400000.0 2200000.0 1.08E7
-4.22E9 9.0E7 4.4E9
-9400000.0 800000.0 1.1E7
1.62E7 2.72E7 3.82E7
-3.0E7 3.0E7 9.0E7

2.6E7 8.4E7 1.42E8
-2720000.0 90000.0 2900000.0
-1.66E7 0.0 1.66E7
9340000.0 9870000.0 1.04E7
-6.6E7 3.8E7 1.42E8
-2.85E9 2.0E7 2.89E9
-6.46E8 6000000.0 6.58E8
-6400000.0 2200000.0 1.08E7
-4.22E9 9.0E7 4.4E9
800000.0 1.1E7 2.12E7
1.62E7 2.72E7 3.82E7
-3.0E7 3.0E7 9.0E7

2.6E7 8.4E7 1.42E8
-2720000.0 90000.0 2900000.0
0.0 1.66E7 3.32E7
9340000.0 9870000.0 1.04E7
3.8E7 1.42E8 2.46E8
-2.85E9 2.0E7 2.89E9
-6.46E8 6000000.0 6.58E8
-6400000.0 2200000.0 1.08E7
-4.22E9 9.0E7 4.4E9
-9400000.0 800000.0 1.1E7
1.62E7 2.72E7 3.82E7
-3.0E7 3.0E7 9.0E7

2.6E7 8.4E7 1.42E8
-2720000.0 90000.0 2900000.0
-1.66E7 0.0 1.66E7
9340000.0 9870000.0 1.04E7
-6.6E7 3.8E7 1.42E8
-2.85E9 2.0E7 2.89E9
-6.46E8 6000000.0 6.58E8
2200000.0 1.08E7 1.94E7
9.0E7 4.4E9 8.71E9
-9400000.0 800000.0 1.1E7
2.72E7 3.82E7 4.92E7
-3.0E7 3.0E7 9.0E7

2.6E7 8.4E7 1.42E8
-2720000.0 90000.0 2900000.0
-1.66E7 0.0 1.66E7
9340000.0 9870000.0 1.04E7
-6.6E7 3.8E7 1.42E8
-2.85E9 2.0E7 2.89E9
-6.46E8 6000000.0 6.58E8
-6400000.0 2200000.0 1.08E7
-4.22E9 9.0E7 4.4E9
800000.0 1.1E7 2.12E7
2.72E7 3.82E7 4.92E7
-3.0E7 3.0E7 9.0E7

8.4E7 1.42E8 2.0E8
-2720000.0 90000.0 2900000.0
-1.66E7 0.0 1.66E7
9340000.0 9870000.0 1.04E7
-6.6E7 3.8E7 1.42E8
-2.85E9 2.0E7 2.89E9
-6.46E8 6000000.0 6.58E8
2200000.0 1.08E7 1.94E7
-4.22E9 9.0E7 4.4E9
-9400000.0 800000.0 1.1E7
2.72E7 3.82E7 4.92E7
3.0E7 9.0E7 1.5E8

2.6E7 8.4E7 1.42E8
-2720000.0 90000.0 2900000.0
-1.66E7 0.0 1.66E7
9340000.0 9870000.0 1.04E7
-6.6E7 3.8E7 1.42E8
-2.85E9 2.0E7 2.89E9
-6.46E8 6000000.0 6.58E8
2200000.0 1.08E7 1.94E7
9.0E7 4.4E9 8.71E9
-9400000.0 800000.0 1.1E7
1.62E7 2.72E7 3.82E7
-3.0E7 3.0E7 9.0E7

2.6E7 8.4E7 1.42E8
90000.0 2900000.0 5710000.0
-1.66E7 0.0 1.66E7
9340000.0 9870000.0 1.04E7
-6.6E7 3.8E7 1.42E8
-2.85E9 2.0E7 2.89E9
-6.46E8 6000000.0 6.58E8
2200000.0 1.08E7 1.94E7
-4.22E9 9.0E7 4.4E9
800000.0 1.1E7 2.12E7
1.62E7 2.72E7 3.82E7
-3.0E7 3.0E7 9.0E7

8.4E7 1.42E8 2.0E8
-2720000.0 90000.0 2900000.0
0.0 1.66E7 3.32E7
9340000.0 9870000.0 1.04E7
-6.6E7 3.8E7 1.42E8
-2.85E9 2.0E7 2.89E9
-6.46E8 6000000.0 6.58E8
-6400000.0 2200000.0 1.08E7
-4.22E9 9.0E7 4.4E9
-9400000.0 800000.0 1.1E7
1.62E7 2.72E7 3.82E7
-3.0E7 3.0E7 9.0E7

2.6E7 8.4E7 1.42E8
-2720000.0 90000.0 2900000.0
0.0 1.66E7 3.32E7
9340000.0 9870000.0 1.04E7
-6.6E7 3.8E7 1.42E8
-2.85E9 2.0E7 2.89E9
-6.46E8 6000000.0 6.58E8
-6400000.0 2200000.0 1.08E7
-4.22E9 9.0E7 4.4E9
-9400000.0 800000.0 1.1E7
1.62E7 2.72E7 3.82E7
-3.0E7 3.0E7 9.0E7

2.6E7 8.4E7 1.42E8
-2720000.0 90000.0 2900000.0
-1.66E7 0.0 1.66E7
9340000.0 9870000.0 1.04E7
-6.6E7 3.8E7 1.42E8
-2.85E9 2.0E7 2.89E9
-6.46E8 6000000.0 6.58E8
-6400000.0 2200000.0 1.08E7
9.0E7 4.4E9 8.71E9
800000.0 1.1E7 2.12E7
1.62E7 2.72E7 3.82E7
-3.0E7 3.0E7 9.0E7

2.6E7 8.4E7 1.42E8
90000.0 2900000.0 5710000.0
-1.66E7 0.0 1.66E7
9340000.0 9870000.0 1.04E7
-6.6E7 3.8E7 1.42E8
-2.85E9 2.0E7 2.89E9
-6.46E8 6000000.0 6.58E8
2200000.0 1.08E7 1.94E7
9.0E7 4.4E9 8.71E9
800000.0 1.1E7 2.12E7
1.62E7 2.72E7 3.82E7
-3.0E7 3.0E7 9.0E7

2.6E7 8.4E7 1.42E8
-2720000.0 90000.0 2900000.0
-1.66E7 0.0 1.66E7
9340000.0 9870000.0 1.04E7
-6.6E7 3.8E7 1.42E8
-2.85E9 2.0E7 2.89E9
-6.46E8 6000000.0 6.58E8
2200000.0 1.08E7 1.94E7
-4.22E9 9.0E7 4.4E9
800000.0 1.1E7 2.12E7
1.62E7 2.72E7 3.82E7
-3.0E7 3.0E7 9.0E7

2.6E7 8.4E7 1.42E8
-2720000.0 90000.0 2900000.0
-1.66E7 0.0 1.66E7
9340000.0 9870000.0 1.04E7
3.8E7 1.42E8 2.46E8
-2.85E9 2.0E7 2.89E9
-6.46E8 6000000.0 6.58E8
2200000.0 1.08E7 1.94E7
-4.22E9 9.0E7 4.4E9
-9400000.0 800000.0 1.1E7
1.62E7 2.72E7 3.82E7
-3.0E7 3.0E7 9.0E7

2.6E7 8.4E7 1.42E8
-2720000.0 90000.0 2900000.0
-1.66E7 0.0 1.66E7
9340000.0 9870000.0 1.04E7
-6.6E7 3.8E7 1.42E8
-2.85E9 2.0E7 2.89E9
-6.46E8 6000000.0 6.58E8
2200000.0 1.08E7 1.94E7
9.0E7 4.4E9 8.71E9
800000.0 1.1E7 2.12E7
1.62E7 2.72E7 3.82E7
-3.0E7 3.0E7 9.0E7

2.6E7 8.4E7 1.42E8
-2720000.0 90000.0 2900000.0
-1.66E7 0.0 1.66E7
9340000.0 9870000.0 1.04E7
3.8E7 1.42E8 2.46E8
-2.85E9 2.0E7 2.89E9
-6.46E8 6000000.0 6.58E8
-6400000.0 2200000.0 1.08E7
9.0E7 4.4E9 8.71E9
-9400000.0 800000.0 1.1E7
1.62E7 2.72E7 3.82E7
-3.0E7 3.0E7 9.0E7

8.4E7 1.42E8 2.0E8
90000.0 2900000.0 5710000.0
-1.66E7 0.0 1.66E7
9340000.0 9870000.0 1.04E7
-6.6E7 3.8E7 1.42E8
-2.85E9 2.0E7 2.89E9
-6.46E8 6000000.0 6.58E8
-6400000.0 2200000.0 1.08E7
-4.22E9 9.0E7 4.4E9
-9400000.0 800000.0 1.1E7
1.62E7 2.72E7 3.82E7
-3.0E7 3.0E7 9.0E7

2.6E7 8.4E7 1.42E8
-2720000.0 90000.0 2900000.0
-1.66E7 0.0 1.66E7
9340000.0 9870000.0 1.04E7
-6.6E7 3.8E7 1.42E8
2.0E7 2.89E9 5.76E9
-6.46E8 6000000.0 6.58E8
-6400000.0 2200000.0 1.08E7
9.0E7 4.4E9 8.71E9
-9400000.0 800000.0 1.1E7
1.62E7 2.72E7 3.82E7
-3.0E7 3.0E7 9.0E7

2.6E7 8.4E7 1.42E8
-2720000.0 90000.0 2900000.0
-1.66E7 0.0 1.66E7
9340000.0 9870000.0 1.04E7
3.8E7 1.42E8 2.46E8
-2.85E9 2.0E7 2.89E9
-6.46E8 6000000.0 6.58E8
-6400000.0 2200000.0 1.08E7
-4.22E9 9.0E7 4.4E9
800000.0 1.1E7 2.12E7
1.62E7 2.72E7 3.82E7
-3.0E7 3.0E7 9.0E7

8.4E7 1.42E8 2.0E8
-2720000.0 90000.0 2900000.0
-1.66E7 0.0 1.66E7
9340000.0 9870000.0 1.04E7
3.8E7 1.42E8 2.46E8
-2.85E9 2.0E7 2.89E9
-6.46E8 6000000.0 6.58E8
-6400000.0 2200000.0 1.08E7
-4.22E9 9.0E7 4.4E9
-9400000.0 800000.0 1.1E7
1.62E7 2.72E7 3.82E7
-3.0E7 3.0E7 9.0E7

8.4E7 1.42E8 2.0E8
-2720000.0 90000.0 2900000.0
-1.66E7 0.0 1.66E7
9340000.0 9870000.0 1.04E7
3.8E7 1.42E8 2.46E8
-2.85E9 2.0E7 2.89E9
-6.46E8 6000000.0 6.58E8
2200000.0 1.08E7 1.94E7
-4.22E9 9.0E7 4.4E9
800000.0 1.1E7 2.12E7
1.62E7 2.72E7 3.82E7
-3.0E7 3.0E7 9.0E7

8.4E7 1.42E8 2.0E8
-2720000.0 90000.0 2900000.0
-1.66E7 0.0 1.66E7
9870000.0 1.04E7 1.093E7
-6.6E7 3.8E7 1.42E8
-2.85E9 2.0E7 2.89E9
6000000.0 6.58E8 1.31E9
2200000.0 1.08E7 1.94E7
-4.22E9 9.0E7 4.4E9
800000.0 1.1E7 2.12E7
2.72E7 3.82E7 4.92E7
-3.0E7 3.0E7 9.0E7

2.6E7 8.4E7 1.42E8
90000.0 2900000.0 5710000.0
0.0 1.66E7 3.32E7
9340000.0 9870000.0 1.04E7
-6.6E7 3.8E7 1.42E8
-2.85E9 2.0E7 2.89E9
-6.46E8 6000000.0 6.58E8
-6400000.0 2200000.0 1.08E7
-4.22E9 9.0E7 4.4E9
-9400000.0 800000.0 1.1E7
1.62E7 2.72E7 3.82E7
-3.0E7 3.0E7 9.0E7

8.4E7 1.42E8 2.0E8
-2720000.0 90000.0 2900000.0
-1.66E7 0.0 1.66E7
9340000.0 9870000.0 1.04E7
-6.6E7 3.8E7 1.42E8
-2.85E9 2.0E7 2.89E9
-6.46E8 6000000.0 6.58E8
-6400000.0 2200000.0 1.08E7
-4.22E9 9.0E7 4.4E9
800000.0 1.1E7 2.12E7
1.62E7 2.72E7 3.82E7
-3.0E7 3.0E7 9.0E7

8.4E7 1.42E8 2.0E8
-2720000.0 90000.0 2900000.0
0.0 1.66E7 3.32E7
9340000.0 9870000.0 1.04E7
-6.6E7 3.8E7 1.42E8
-2.85E9 2.0E7 2.89E9
-6.46E8 6000000.0 6.58E8
-6400000.0 2200000.0 1.08E7
-4.22E9 9.0E7 4.4E9
-9400000.0 800000.0 1.1E7
2.72E7 3.82E7 4.92E7
-3.0E7 3.0E7 9.0E7

8.4E7 1.42E8 2.0E8
-2720000.0 90000.0 2900000.0
-1.66E7 0.0 1.66E7
9340000.0 9870000.0 1.04E7
-6.6E7 3.8E7 1.42E8
-2.85E9 2.0E7 2.89E9
-6.46E8 6000000.0 6.58E8
2200000.0 1.08E7 1.94E7
-4.22E9 9.0E7 4.4E9
800000.0 1.1E7 2.12E7
1.62E7 2.72E7 3.82E7
3.0E7 9.0E7 1.5E8

2.6E7 8.4E7 1.42E8
-2720000.0 90000.0 2900000.0
-1.66E7 0.0 1.66E7
9340000.0 9870000.0 1.04E7
-6.6E7 3.8E7 1.42E8
2.0E7 2.89E9 5.76E9
-6.46E8 6000000.0 6.58E8
-6400000.0 2200000.0 1.08E7
9.0E7 4.4E9 8.71E9
-9400000.0 800000.0 1.1E7
2.72E7 3.82E7 4.92E7
-3.0E7 3.0E7 9.0E7


ECMtra: 1.827048345653377E14 ECMtst: 1.8303020390656147E14
